216.4
250.43
723
52
TABanana; 0; 106842.03; 1000080.01; 1530000.00
a; 1; 6.54; 106.50; 108.88
b; 2; 2.9; 28.7; 42.11
c; 3; 4.74; 84.5; 99.42
d; 4; 3.10; 78.4; 90.24
e; 5; 1.5; 61.46; 72.93
f; 6; 2.65; 84.28; 104.71
g; 7; 1.93; 63.94; 77.40
h; 8; 3.51; 48.30; 56.28
i; 9; 2.65; 71.86; 90.69
j; 10; 4.0; 96.45; 99.66
k; 11; 5.14; 36.30; 57.96
l; 12; 5.47; 67.4; 85.89
m; 13; 5.13; 57.17; 72.10
n; 14; 0.43; 11.63; 18.38
o; 15; 0.16; 79.22; 92.70
p; 16; 6.47; 48.44; 56.13
q; 17; 4.12; 93.76; 96.64
r; 18; 6.99; 99.13; 99.7
s; 19; 6.78; 94.84; 104.73
t; 20; 6.61; 16.26; 17.64
u; 21; 3.23; 78.27; 83.75
v; 22; 6.65; 81.97; 94.64
w; 23; 0.19; 13.90; 15.47
x; 24; 6.78; 87.25; 102.64
y; 25; 5.86; 8.4; 25.59
z; 26; 2.93; 47.8; 47.39
A; 27; 6.8; 87.18; 92.40
B; 28; 0.27; 1.24; 6.22
C; 29; 6.42; 19.9; 40.59
D; 30; 1.31; 97.5; 118.43
E; 31; 1.36; 18.48; 21.28
F; 32; 0.26; 82.99; 95.78
G; 33; 4.15; 15.79; 20.67
H; 34; 1.91; 92.86; 93.71
I; 35; 5.22; 30.11; 41.20
J; 36; 3.70; 75.72; 89.11
K; 37; 0.93; 56.61; 64.98
L; 38; 0.6; 71.47; 92.17
M; 39; 6.5; 16.38; 18.91
N; 40; 4.4; 51.38; 68.3
O; 41; 2.84; 85.87; 89.72
P; 42; 5.27; 9.65; 29.76
Q; 43; 6.98; 56.66; 60.55
R; 44; 1.87; 56.35; 75.76
S; 45; 4.72; 20.65; 36.81
T; 46; 4.83; 71.48; 88.31
U; 47; 3.42; 60.79; 81.56
V; 48; 5.52; 45.37; 65.60
W; 49; 4.37; 14.30; 29.36
X; 50; 1.64; 61.47; 61.10
Y; 51; 1.71; 7.50; 20.64
Z; 52; 6.24; 103.86; 122.50
aa; 53; 3.89; 104.9; 109.52
ab; 54; 3.93; 16.76; 20.54
ac; 55; 0.70; 16.35; 21.78
ad; 56; 1.46; 11.17; 21.66
ae; 57; 5.38; 97.20; 97.10
af; 58; 0.3; 12.35; 28.63
ag; 59; 4.10; 107.76; 121.84
ah; 60; 6.26; 47.25; 62.56
ai; 61; 1.47; 61.33; 70.33
aj; 62; 2.80; 48.15; 65.12
ak; 63; 0.92; 66.97; 84.85
al; 64; 2.25; 20.3; 33.47
am; 65; 3.72; 40.44; 61.86
an; 66; 5.24; 80.72; 84.80
ao; 67; 5.85; 61.64; 74.41
ap; 68; 6.16; 11.89; 24.84
aq; 69; 2.37; 82.75; 85.51
ar; 70; 0.18; 18.14; 26.11
as; 71; 2.7; 9.10; 22.93
at; 72; 3.89; 60.14; 77.93
au; 73; 6.40; 62.69; 80.20
av; 74; 1.91; 82.16; 89.82
aw; 75; 2.0; 48.93; 55.11
ax; 76; 4.67; 103.51; 108.76
ay; 77; 4.33; 104.98; 114.94
az; 78; 3.13; 77.14; 93.70
aA; 79; 2.53; 35.92; 51.63
aB; 80; 1.38; 3.19; 23.74
aC; 81; 0.43; 47.88; 51.14
aD; 82; 0.20; 93.35; 93.78
aE; 83; 3.76; 89.52; 101.56
aF; 84; 1.42; 12.29; 14.47
aG; 85; 6.56; 56.28; 60.76
aH; 86; 4.81; 20.69; 35.38
aI; 87; 5.89; 62.39; 79.47
aJ; 88; 4.82; 46.47; 47.54
aK; 89; 0.41; 93.24; 106.53
aL; 90; 2.55; 40.73; 55.18
aM; 91; 4.63; 70.15; 72.85
aN; 92; 3.57; 108.63; 117.89
aO; 93; 0.20; 73.20; 92.97
aP; 94; 4.29; 76.9; 86.70
aQ; 95; 2.4; 43.71; 47.90
aR; 96; 4.17; 65.68; 73.42
aS; 97; 3.46; 74.22; 74.62
aT; 98; 4.28; 107.97; 112.61
aU; 99; 3.30; 53.94; 61.53
aV; 100; 1.47; 94.91; 96.88
aW; 101; 3.64; 110.43; 125.43
aX; 102; 2.71; 4.14; 20.55
aY; 103; 5.28; 48.29; 58.2
aZ; 104; 4.2; 7.75; 12.2
ba; 105; 4.82; 55.98; 64.8
bb; 106; 3.63; 59.86; 63.98
bc; 107; 0.75; 68.47; 72.53
bd; 108; 2.28; 88.90; 106.37
be; 109; 6.12; 49.56; 61.18
bf; 110; 0.26; 51.17; 64.36
bg; 111; 0.35; 40.32; 40.79
bh; 112; 3.90; 31.51; 35.23
bi; 113; 6.49; 60.32; 78.24
bj; 114; 2.65; 105.75; 107.29
bk; 115; 0.58; 35.75; 38.18
bl; 116; 1.79; 70.30; 72.50
bm; 117; 0.10; 31.5; 42.82
bn; 118; 0.31; 6.23; 14.3
bo; 119; 2.93; 6.79; 19.86
bp; 120; 5.3; 32.90; 45.61
bq; 121; 2.17; 54.31; 56.68
br; 122; 2.78; 70.36; 83.74
bs; 123; 2.53; 25.50; 39.81
bt; 124; 6.45; 11.70; 22.87
bu; 125; 3.67; 29.60; 45.1
bv; 126; 0.97; 20.32; 21.19
bw; 127; 3.65; 79.12; 93.96
bx; 128; 4.55; 75.63; 76.62
by; 129; 2.39; 37.31; 41.15
bz; 130; 2.10; 10.22; 15.10
bA; 131; 5.67; 83.28; 102.32
bB; 132; 5.10; 53.4; 71.34
bC; 133; 2.89; 61.95; 79.88
bD; 134; 2.31; 91.63; 97.39
bE; 135; 5.12; 108.45; 129.95
bF; 136; 4.25; 77.48; 90.80
bG; 137; 4.50; 62.55; 77.96
bH; 138; 3.9; 93.60; 106.53
bI; 139; 0.25; 76.80; 87.69
bJ; 140; 5.5; 75.56; 76.20
bK; 141; 4.98; 39.22; 56.85
bL; 142; 3.26; 13.48; 34.4
bM; 143; 5.88; 76.61; 95.53
bN; 144; 0.28; 27.33; 33.98
bO; 145; 1.79; 75.63; 91.95
bP; 146; 4.56; 90.79; 105.56
bQ; 147; 4.79; 107.45; 111.26
bR; 148; 2.28; 33.3; 33.32
bS; 149; 5.35; 87.71; 96.52
bT; 150; 6.51; 54.3; 67.4
bU; 151; 5.52; 112.18; 130.66
bV; 152; 4.41; 45.58; 60.1
bW; 153; 6.39; 38.55; 47.55
bX; 154; 3.2; 50.93; 54.71
bY; 155; 4.85; 57.21; 73.24
bZ; 156; 0.51; 66.66; 76.19
ca; 157; 2.77; 80.28; 91.88
cb; 158; 1.28; 43.27; 58.67
cc; 159; 5.54; 11.40; 17.16
cd; 160; 6.81; 106.87; 115.97
ce; 161; 0.31; 73.56; 75.79
cf; 162; 4.17; 33.20; 36.84
cg; 163; 4.95; 106.40; 118.72
ch; 164; 2.73; 26.78; 39.45
ci; 165; 1.43; 46.23; 60.61
cj; 166; 4.16; 95.11; 104.20
ck; 167; 2.5; 14.93; 27.41
cl; 168; 6.7; 28.77; 42.95
cm; 169; 3.65; 80.3; 98.11
cn; 170; 3.10; 6.5; 10.86
co; 171; 1.28; 30.2; 42.79
cp; 172; 6.82; 65.99; 69.68
cq; 173; 2.48; 2.25; 3.41
cr; 174; 0.95; 15.37; 15.67
cs; 175; 2.70; 38.3; 39.77
ct; 176; 3.28; 21.23; 22.3
cu; 177; 0.58; 4.62; 23.15
cv; 178; 2.64; 34.11; 37.6
cw; 179; 6.7; 70.3; 78.81
cx; 180; 0.63; 63.73; 68.78
cy; 181; 3.84; 26.72; 45.98
cz; 182; 6.34; 100.24; 101.64
cA; 183; 5.93; 2.98; 9.58
cB; 184; 3.84; 20.23; 41.60
cC; 185; 2.30; 51.92; 70.85
cD; 186; 4.77; 97.22; 104.2
cE; 187; 0.61; 27.88; 28.85
cF; 188; 3.96; 6.72; 11.21
cG; 189; 0.88; 58.89; 74.82
cH; 190; 4.98; 28.76; 44.83
cI; 191; 2.89; 20.67; 29.43
cJ; 192; 6.6; 86.97; 87.28
cK; 193; 2.26; 105.55; 122.41
cL; 194; 1.61; 16.75; 31.66
cM; 195; 2.19; 44.27; 51.60
cN; 196; 6.41; 2.41; 7.86
cO; 197; 0.44; 48.83; 56.98
cP; 198; 5.39; 58.85; 62.56
cQ; 199; 4.39; 14.71; 24.15
cR; 200; 2.63; 10.81; 14.32
cS; 201; 0.85; 52.40; 71.55
cT; 202; 6.87; 59.49; 79.83
cU; 203; 6.94; 74.91; 82.94
cV; 204; 5.3; 52.87; 61.27
cW; 205; 3.53; 97.72; 114.85
cX; 206; 6.79; 72.94; 82.11
cY; 207; 5.58; 62.95; 63.27
cZ; 208; 1.2; 41.97; 60.54
da; 209; 3.18; 13.18; 23.82
db; 210; 3.98; 19.57; 19.99
dc; 211; 4.59; 79.1; 100.49
dd; 212; 4.59; 101.87; 109.3
de; 213; 0.49; 103.45; 110.65
df; 214; 1.90; 43.77; 63.15
dg; 215; 4.29; 9.83; 23.4
dh; 216; 5.24; 9.15; 23.39
di; 217; 0.47; 56.41; 76.21
dj; 218; 4.96; 80.41; 83.76
dk; 219; 3.31; 13.73; 24.44
dl; 220; 3.61; 37.3; 56.54
dm; 221; 1.76; 73.25; 87.10
dn; 222; 1.93; 17.61; 20.37
do; 223; 1.70; 112.21; 116.34
dp; 224; 2.92; 107.93; 121.57
dq; 225; 0.68; 83.1; 91.59
dr; 226; 4.90; 55.46; 61.60
ds; 227; 4.68; 98.74; 109.62
dt; 228; 4.82; 60.52; 78.50
du; 229; 3.57; 77.29; 87.17
dv; 230; 2.89; 110.42; 127.54
dw; 231; 0.24; 6.92; 27.80
dx; 232; 0.11; 101.21; 118.34
dy; 233; 0.45; 53.51; 56.24
dz; 234; 3.33; 15.47; 20.58
dA; 235; 3.19; 43.7; 51.0
dB; 236; 0.72; 7.11; 7.7
dC; 237; 1.14; 40.75; 56.65
dD; 238; 1.49; 19.51; 33.1
dE; 239; 5.52; 43.7; 56.38
dF; 240; 1.79; 2.47; 13.9
dG; 241; 2.71; 49.93; 58.74
dH; 242; 3.31; 90.2; 99.56
dI; 243; 2.60; 38.29; 58.19
dJ; 244; 4.89; 55.21; 56.51
dK; 245; 5.55; 83.15; 97.27
dL; 246; 5.79; 47.59; 68.40
dM; 247; 5.75; 0.73; 20.17
dN; 248; 4.36; 53.90; 58.62
dO; 249; 1.6; 19.81; 38.41
dP; 250; 4.41; 100.33; 109.46
dQ; 251; 6.74; 1.11; 13.74
dR; 252; 0.53; 59.87; 75.34
dS; 253; 0.82; 74.41; 74.31
dT; 254; 4.92; 41.71; 43.78
dU; 255; 4.80; 87.39; 107.51
dV; 256; 1.43; 4.26; 18.89
dW; 257; 4.84; 2.37; 8.82
dX; 258; 6.86; 14.17; 30.19
dY; 259; 5.60; 57.19; 73.15
dZ; 260; 3.45; 87.94; 97.57
ea; 261; 2.20; 87.79; 97.91
eb; 262; 0.3; 56.74; 69.43
ec; 263; 6.20; 87.16; 99.22
ed; 264; 3.1; 56.82; 69.8
ee; 265; 1.70; 34.73; 41.8
ef; 266; 1.75; 18.88; 28.0
eg; 267; 4.45; 37.25; 38.5
eh; 268; 0.8; 104.14; 117.14
ei; 269; 4.33; 36.44; 49.29
ej; 270; 5.93; 110.28; 130.57
ek; 271; 6.65; 55.18; 57.77
el; 272; 5.11; 49.49; 65.37
em; 273; 4.46; 13.50; 24.22
en; 274; 0.14; 62.19; 63.97
eo; 275; 2.5; 46.57; 64.52
ep; 276; 4.65; 101.43; 102.36
eq; 277; 3.80; 103.45; 118.78
er; 278; 5.10; 49.19; 53.78
es; 279; 0.35; 48.52; 49.91
et; 280; 0.87; 71.42; 73.68
eu; 281; 0.79; 86.87; 88.59
ev; 282; 2.92; 103.10; 105.90
ew; 283; 3.35; 2.10; 19.71
ex; 284; 0.18; 33.88; 45.29
ey; 285; 2.67; 109.6; 125.36
ez; 286; 2.22; 91.88; 101.20
eA; 287; 6.84; 3.16; 9.12
eB; 288; 0.29; 4.58; 15.46
eC; 289; 6.78; 111.46; 130.75
eD; 290; 4.63; 92.42; 113.36
eE; 291; 3.14; 2.35; 18.73
eF; 292; 4.52; 111.99; 116.81
eG; 293; 4.47; 60.37; 76.37
eH; 294; 5.17; 92.64; 93.37
eI; 295; 1.17; 76.86; 95.16
eJ; 296; 6.53; 28.0; 47.61
eK; 297; 1.62; 8.76; 12.19
eL; 298; 4.58; 100.80; 105.41
eM; 299; 6.51; 60.35; 68.58
eN; 300; 2.76; 13.88; 20.72
eO; 301; 6.82; 37.51; 55.14
eP; 302; 3.4; 80.3; 87.0
eQ; 303; 2.85; 24.79; 29.36
eR; 304; 5.78; 33.73; 36.59
eS; 305; 3.55; 57.24; 72.60
eT; 306; 2.30; 44.22; 45.91
eU; 307; 6.98; 4.57; 19.26
eV; 308; 1.59; 107.29; 128.7
eW; 309; 4.68; 109.67; 116.31
eX; 310; 3.30; 25.14; 27.87
eY; 311; 1.17; 59.36; 65.36
eZ; 312; 4.19; 77.55; 79.14
fa; 313; 3.76; 64.94; 71.16
fb; 314; 5.6; 86.52; 104.14
fc; 315; 6.56; 28.18; 39.42
fd; 316; 0.85; 104.29; 111.45
fe; 317; 4.81; 63.71; 82.97
ff; 318; 0.72; 96.59; 96.90
fg; 319; 0.45; 76.67; 85.34
fh; 320; 1.6; 105.90; 106.40
fi; 321; 5.32; 69.92; 69.54
fj; 322; 3.82; 31.97; 39.9
fk; 323; 4.72; 80.3; 82.63
fl; 324; 1.32; 44.59; 65.9
fm; 325; 2.3; 112.25; 119.83
fn; 326; 0.9; 82.24; 99.54
fo; 327; 1.23; 43.73; 43.81
fp; 328; 5.41; 11.77; 23.54
fq; 329; 0.39; 111.8; 117.48
fr; 330; 5.77; 6.4; 8.18
fs; 331; 3.93; 22.91; 30.59
ft; 332; 2.31; 72.88; 75.80
fu; 333; 2.63; 71.15; 71.50
fv; 334; 2.16; 88.46; 109.87
fw; 335; 3.94; 42.65; 43.11
fx; 336; 1.76; 31.74; 48.75
fy; 337; 3.11; 96.19; 98.18
fz; 338; 5.75; 41.92; 44.44
fA; 339; 6.47; 104.34; 119.7
fB; 340; 5.29; 56.40; 66.8
fC; 341; 5.74; 2.87; 23.93
fD; 342; 4.90; 95.71; 106.14
fE; 343; 1.34; 69.25; 87.27
fF; 344; 4.1; 18.6; 38.2
fG; 345; 6.99; 104.20; 117.56
fH; 346; 4.2; 50.38; 71.94
fI; 347; 4.77; 17.66; 38.44
fJ; 348; 3.40; 52.69; 65.43
fK; 349; 3.52; 35.25; 48.85
fL; 350; 1.50; 13.36; 27.8
fM; 351; 6.31; 96.42; 100.46
fN; 352; 1.64; 87.86; 105.29
fO; 353; 5.18; 52.16; 59.29
fP; 354; 4.82; 52.90; 70.56
fQ; 355; 2.58; 54.48; 61.24
fR; 356; 5.74; 40.98; 40.10
fS; 357; 3.83; 22.39; 39.91
fT; 358; 1.53; 71.4; 83.20
fU; 359; 6.50; 77.77; 92.62
fV; 360; 2.59; 57.39; 73.74
fW; 0; 6.9; 88.21; 93.4
fX; 1; 2.77; 76.17; 91.34
fY; 2; 6.59; 79.14; 91.0
fZ; 3; 3.68; 99.45; 99.43
ga; 4; 5.54; 34.9; 55.5
gb; 5; 3.98; 104.55; 110.19
gc; 6; 1.57; 39.67; 45.24
gd; 7; 3.20; 17.30; 24.34
ge; 8; 0.84; 45.92; 54.22
gf; 9; 3.62; 49.46; 53.24
gg; 10; 0.27; 37.67; 48.17
gh; 11; 5.99; 80.86; 98.7
gi; 12; 0.89; 18.81; 37.26
gj; 13; 3.2; 22.75; 38.98
gk; 14; 3.67; 44.59; 50.91
gl; 15; 4.14; 16.52; 35.41
gm; 16; 1.99; 85.13; 90.59
gn; 17; 3.50; 2.50; 22.27
go; 18; 0.80; 1.30; 4.51
gp; 19; 4.13; 53.17; 67.15
gq; 20; 4.35; 40.22; 47.87
gr; 21; 6.78; 24.63; 26.80
gs; 22; 0.10; 36.5; 42.70
gt; 23; 6.71; 40.28; 44.75
gu; 24; 2.54; 109.33; 119.29
gv; 25; 5.11; 58.11; 59.95
gw; 26; 4.72; 91.93; 101.92
gx; 27; 4.71; 64.82; 76.51
gy; 28; 6.18; 61.14; 70.29
gz; 29; 6.49; 56.30; 65.96
gA; 30; 5.27; 104.46; 109.68
gB; 31; 6.39; 64.96; 82.71
gC; 32; 3.52; 34.9; 50.47
gD; 33; 5.32; 30.80; 33.97
gE; 34; 4.33; 70.69; 88.73
gF; 35; 0.45; 44.35; 65.10
gG; 36; 0.47; 35.40; 50.74
gH; 37; 6.28; 62.24; 73.48
gI; 38; 4.54; 25.76; 45.46
gJ; 39; 4.2; 28.81; 35.26
gK; 40; 0.23; 3.3; 24.1
gL; 41; 6.14; 49.0; 49.72
gM; 42; 6.76; 33.32; 37.69
gN; 43; 0.3; 65.77; 77.1
gO; 44; 5.63; 20.40; 29.51
gP; 45; 0.71; 5.5; 19.89
gQ; 46; 4.9; 45.55; 50.20
gR; 47; 1.59; 112.5; 115.28
gS; 48; 3.55; 50.81; 67.27
gT; 49; 5.32; 52.61; 65.91
gU; 50; 0.93; 87.41; 106.46
gV; 51; 6.53; 65.29; 78.67
gW; 52; 6.5; 80.79; 97.1
gX; 53; 3.25; 83.9; 84.99
gY; 54; 3.19; 36.2; 48.87
gZ; 55; 6.50; 79.98; 92.93
ha; 56; 6.90; 14.5; 31.36
hb; 57; 6.94; 50.7; 52.96
hc; 58; 5.93; 62.28; 63.52
hd; 59; 3.32; 108.76; 113.80
he; 60; 1.35; 5.13; 26.37
hf; 61; 5.89; 26.0; 43.78
hg; 62; 6.12; 31.15; 31.81
hh; 63; 3.62; 90.51; 110.43
hi; 64; 2.48; 49.5; 57.2
hj; 65; 0.96; 100.80; 105.13
hk; 66; 3.98; 36.31; 52.13
hl; 67; 0.45; 2.18; 22.49
hm; 68; 6.64; 71.84; 81.14
hn; 69; 6.85; 5.69; 23.71
ho; 70; 6.65; 59.6; 71.46
hp; 71; 6.40; 35.89; 55.20
hq; 72; 4.17; 53.31; 59.78
hr; 73; 5.74; 95.13; 106.41
hs; 74; 2.26; 87.17; 103.44
ht; 75; 0.81; 63.51; 64.11
hu; 76; 0.14; 103.8; 114.13
hv; 77; 0.60; 55.97; 58.69
hw; 78; 4.66; 15.44; 34.45
hx; 79; 2.98; 70.15; 91.34
hy; 80; 1.55; 43.85; 48.68
hz; 81; 1.67; 6.14; 17.65
hA; 82; 3.73; 65.41; 80.47
hB; 83; 1.78; 111.15; 120.40
hC; 84; 5.42; 101.93; 103.72
hD; 85; 4.33; 9.98; 21.35
hE; 86; 6.60; 2.80; 12.57
hF; 87; 4.62; 96.35; 109.12
hG; 88; 6.53; 87.96; 91.3
hH; 89; 4.32; 78.16; 90.11
hI; 90; 6.73; 39.5; 56.96
hJ; 91; 3.19; 0.75; 5.71
hK; 92; 1.35; 41.19; 52.99
hL; 93; 6.47; 48.84; 54.69
hM; 94; 6.58; 74.76; 77.68
hN; 95; 1.65; 100.60; 106.20
hO; 96; 2.24; 31.86; 35.69
hP; 97; 0.93; 74.51; 74.6
hQ; 98; 3.13; 54.34; 75.12
hR; 99; 0.3; 78.89; 83.44
hS; 100; 1.64; 59.69; 74.71
hT; 101; 5.16; 63.2; 67.47
hU; 102; 3.81; 15.34; 35.98
hV; 103; 1.32; 17.47; 29.42
hW; 104; 6.95; 44.93; 46.50
hX; 105; 5.13; 80.73; 101.53
hY; 106; 0.51; 99.50; 100.22
hZ; 107; 6.95; 76.16; 91.95
ia; 108; 3.97; 79.14; 89.17
ib; 109; 1.10; 56.58; 75.60
ic; 110; 0.56; 66.44; 85.80
id; 111; 1.38; 108.73; 119.68
ie; 112; 3.33; 3.45; 7.94
if; 113; 5.59; 58.47; 79.52
ig; 114; 3.36; 100.38; 100.23
ih; 115; 5.1; 9.36; 17.27
ii; 116; 5.70; 69.33; 85.61
ij; 117; 4.21; 60.77; 69.63
ik; 118; 1.11; 94.73; 115.49
il; 119; 2.33; 83.20; 103.89
im; 120; 5.65; 106.69; 107.34
in; 121; 4.42; 79.40; 96.47
io; 122; 0.50; 4.53; 9.83
ip; 123; 5.9; 41.14; 59.2
iq; 124; 0.82; 61.96; 76.0
ir; 125; 0.30; 87.35; 105.73
is; 126; 1.60; 34.85; 51.68
it; 127; 2.63; 25.78; 46.97
iu; 128; 3.96; 64.13; 77.56
iv; 129; 6.51; 97.13; 105.73
iw; 130; 0.21; 76.71; 94.82
ix; 131; 0.90; 13.41; 32.59
iy; 132; 3.25; 1.74; 9.17
iz; 133; 1.38; 104.34; 122.53
iA; 134; 6.50; 42.36; 42.11
iB; 135; 2.15; 12.85; 26.41
iC; 136; 5.25; 9.51; 10.45
iD; 137; 3.3; 102.62; 105.16
iE; 138; 6.88; 12.86; 16.8
iF; 139; 2.84; 63.43; 71.99
iG; 140; 3.83; 85.49; 99.43
iH; 141; 0.41; 31.45; 32.87
iI; 142; 0.29; 71.17; 91.98
iJ; 143; 4.36; 85.96; 102.25
iK; 144; 1.96; 31.1; 36.59
iL; 145; 4.30; 37.41; 57.21
iM; 146; 3.10; 25.15; 34.38
iN; 147; 3.0; 42.75; 61.49
iO; 148; 6.40; 63.96; 63.32
iP; 149; 2.65; 64.45; 80.93
iQ; 150; 0.87; 50.83; 50.99
iR; 151; 1.17; 81.52; 101.36
iS; 152; 2.6; 24.25; 30.43
iT; 153; 0.99; 65.49; 76.67
iU; 154; 2.30; 58.45; 61.41
iV; 155; 4.89; 62.89; 71.57
iW; 156; 5.76; 81.17; 96.49
iX; 157; 1.6; 73.63; 83.66
iY; 158; 4.90; 104.17; 114.33
iZ; 159; 3.88; 25.21; 31.44
ja; 160; 2.99; 105.77; 110.65
jb; 161; 2.38; 16.90; 30.34
jc; 162; 3.96; 35.36; 37.33
jd; 163; 6.40; 49.25; 60.15
je; 164; 2.58; 70.17; 79.29
jf; 165; 3.67; 55.91; 61.93
jg; 166; 4.95; 83.29; 101.22
jh; 167; 6.22; 11.23; 15.29
ji; 168; 4.30; 100.60; 110.59
jj; 169; 4.71; 12.51; 30.71
jk; 170; 3.45; 91.45; 108.11
jl; 171; 6.38; 54.89; 60.58
jm; 172; 2.67; 32.2; 47.9
jn; 173; 1.33; 77.7; 91.87
jo; 174; 6.98; 65.16; 73.11
jp; 175; 6.20; 112.2; 125.22
jq; 176; 4.36; 111.23; 132.18
jr; 177; 5.21; 2.56; 3.98
js; 178; 5.94; 59.33; 60.28
jt; 179; 5.90; 108.18; 122.45
ju; 180; 1.9; 33.62; 34.62
jv; 181; 6.66; 95.42; 97.38
jw; 182; 6.80; 84.76; 102.1
jx; 183; 4.10; 34.95; 50.54
jy; 184; 5.97; 84.37; 103.59
jz; 185; 5.89; 5.89; 11.68
jA; 186; 4.62; 109.24; 111.22
jB; 187; 6.44; 47.59; 60.26
jC; 188; 6.38; 15.39; 15.14
jD; 189; 4.51; 66.38; 74.66
jE; 190; 5.76; 67.4; 70.1
jF; 191; 2.26; 103.3; 122.33
jG; 192; 6.89; 44.75; 51.41
jH; 193; 3.61; 48.13; 59.39
jI; 194; 1.74; 95.44; 108.48
jJ; 195; 0.72; 103.72; 123.20
jK; 196; 0.87; 40.63; 48.0
jL; 197; 5.19; 6.90; 26.3
jM; 198; 2.9; 47.74; 65.77
jN; 199; 3.30; 16.41; 26.59
jO; 200; 5.93; 3.76; 3.25
jP; 201; 0.34; 64.81; 78.83
jQ; 202; 5.81; 1.56; 18.75
jR; 203; 5.53; 98.86; 110.23
jS; 204; 5.88; 106.80; 126.17
jT; 205; 0.54; 6.16; 6.86
jU; 206; 4.98; 92.5; 101.81
jV; 207; 2.15; 20.19; 25.39
jW; 208; 2.53; 54.71; 70.83
jX; 209; 1.36; 12.42; 14.43
jY; 210; 3.45; 0.22; 9.38
jZ; 211; 4.10; 75.87; 81.2
ka; 212; 5.69; 2.88; 3.51
kb; 213; 5.19; 13.29; 32.26
kc; 214; 1.15; 34.5; 44.52
kd; 215; 0.87; 37.70; 38.69
ke; 216; 6.18; 106.43; 111.67
kf; 217; 4.94; 19.42; 34.35
kg; 218; 5.39; 73.89; 88.85
kh; 219; 3.95; 91.29; 111.60
ki; 220; 6.63; 82.30; 90.52
kj; 221; 0.8; 5.27; 14.62
kk; 222; 2.77; 57.70; 76.1
kl; 223; 5.63; 32.82; 42.51
km; 224; 3.51; 47.20; 47.34
kn; 225; 0.97; 32.61; 33.60
ko; 226; 3.90; 36.23; 41.90
kp; 227; 1.79; 85.38; 89.39
kq; 228; 5.46; 70.18; 88.70
kr; 229; 5.38; 25.88; 27.1
ks; 230; 6.10; 42.59; 59.23
kt; 231; 6.52; 38.14; 40.82
ku; 232; 6.15; 81.48; 91.72
kv; 233; 0.5; 46.90; 63.87
kw; 234; 3.88; 101.79; 102.96
kx; 235; 1.9; 30.41; 30.44
ky; 236; 5.11; 55.10; 70.12
kz; 237; 3.67; 92.16; 112.66
kA; 238; 3.17; 67.54; 76.98
kB; 239; 2.76; 112.13; 113.9
kC; 240; 3.81; 65.97; 65.98
kD; 241; 4.7; 42.28; 51.33
kE; 242; 6.38; 68.97; 78.48
kF; 243; 6.44; 110.73; 119.90
kG; 244; 0.24; 77.97; 93.55
kH; 245; 4.40; 37.5; 58.50
kI; 246; 3.4; 108.59; 114.20
kJ; 247; 5.70; 42.77; 48.29
kK; 248; 2.65; 66.88; 84.85
kL; 249; 4.17; 55.83; 75.52
kM; 250; 2.15; 8.18; 9.18
kN; 251; 3.64; 109.10; 115.64
kO; 252; 4.62; 74.25; 78.14
kP; 253; 0.18; 29.39; 43.61
kQ; 254; 1.72; 60.33; 73.28
kR; 255; 6.95; 108.31; 110.18
kS; 256; 6.64; 40.72; 48.99
kT; 257; 4.76; 24.58; 44.91
kU; 258; 1.14; 31.61; 51.13
kV; 259; 5.78; 87.28; 105.54
kW; 260; 6.21; 2.49; 2.7
kX; 261; 2.21; 25.41; 29.68
kY; 262; 6.77; 15.91; 33.72
kZ; 263; 1.35; 101.77; 109.17
la; 264; 3.86; 66.28; 83.8
lb; 265; 5.39; 55.88; 69.83
lc; 266; 3.19; 12.77; 23.28
ld; 267; 0.31; 77.18; 86.54
le; 268; 6.13; 7.59; 10.6
lf; 269; 2.44; 112.55; 118.45
lg; 270; 4.15; 109.33; 123.24
lh; 271; 1.16; 90.87; 110.48
li; 272; 4.3; 8.71; 14.84
lj; 273; 2.84; 32.69; 42.6
lk; 274; 4.72; 103.67; 118.75
ll; 275; 4.58; 6.87; 19.4
lm; 276; 2.81; 46.91; 63.95
ln; 277; 2.45; 44.49; 49.13
lo; 278; 1.49; 67.76; 76.95
lp; 279; 1.90; 61.20; 80.74
lq; 280; 1.67; 108.89; 119.25
lr; 281; 0.73; 71.91; 84.64
ls; 282; 5.44; 28.49; 32.1
lt; 283; 3.20; 53.15; 69.86
lu; 284; 1.77; 98.43; 101.28
lv; 285; 6.87; 108.18; 119.1
lw; 286; 1.78; 16.58; 21.12
lx; 287; 5.22; 3.40; 24.31
ly; 288; 1.92; 76.81; 83.2
lz; 289; 3.62; 92.81; 112.10
lA; 290; 5.17; 51.57; 53.53
lB; 291; 5.23; 7.23; 25.61
lC; 292; 4.49; 52.24; 58.85
lD; 293; 4.33; 98.82; 118.95
lE; 294; 5.16; 98.71; 106.91
lF; 295; 0.47; 37.16; 47.0
lG; 296; 1.26; 64.10; 83.91
lH; 297; 0.19; 60.28; 74.44
lI; 298; 4.97; 26.2; 30.38
lJ; 299; 1.10; 86.35; 90.45
lK; 300; 0.87; 12.88; 26.99
lL; 301; 5.41; 52.58; 57.93
lM; 302; 2.24; 26.64; 26.55
lN; 303; 5.93; 110.43; 114.90
lO; 304; 1.49; 37.22; 47.46
lP; 305; 0.86; 47.5; 68.99
lQ; 306; 5.56; 1.45; 3.93
lR; 307; 0.39; 7.13; 8.11
lS; 308; 1.24; 8.95; 28.11
lT; 309; 2.66; 99.49; 110.84
lU; 310; 0.83; 1.48; 3.54
lV; 311; 2.62; 87.35; 107.0
lW; 312; 0.25; 64.70; 69.22
lX; 313; 5.14; 58.70; 67.84
lY; 314; 0.1; 76.53; 77.60
lZ; 315; 1.39; 44.97; 46.89
ma; 316; 1.51; 13.83; 27.29
mb; 317; 4.36; 5.87; 12.58
mc; 318; 2.47; 97.96; 117.99
md; 319; 4.20; 93.17; 99.5
me; 320; 4.2; 24.50; 40.87
mf; 321; 3.62; 18.60; 28.55
mg; 322; 2.97; 24.47; 44.25
mh; 323; 2.0; 38.12; 48.64
mi; 324; 6.58; 87.6; 94.64
mj; 325; 2.59; 107.44; 120.96
mk; 326; 6.64; 24.65; 29.43
ml; 327; 0.97; 45.4; 58.54
mm; 328; 2.68; 21.89; 22.79
mn; 329; 3.4; 56.85; 64.33
mo; 330; 5.8; 1.43; 10.25
mp; 331; 1.16; 58.40; 77.77
mq; 332; 1.38; 87.58; 89.49
mr; 333; 5.22; 110.73; 120.94
ms; 334; 0.1; 81.61; 88.84
mt; 335; 3.16; 26.27; 42.38
mu; 336; 3.7; 21.88; 24.61
mv; 337; 0.56; 76.49; 80.6
mw; 338; 0.43; 37.24; 50.38
mx; 339; 4.58; 61.79; 71.97
my; 340; 0.53; 55.70; 60.30
mz; 341; 6.81; 16.35; 29.37
mA; 342; 6.56; 12.4; 21.35
mB; 343; 2.4; 5.97; 23.44
mC; 344; 1.60; 83.55; 90.46
mD; 345; 6.11; 108.52; 123.47
mE; 346; 1.8; 40.34; 41.4
mF; 347; 4.81; 30.18; 49.82
mG; 348; 1.36; 84.27; 95.57
mH; 349; 2.32; 59.6; 76.1
mI; 350; 3.27; 74.98; 88.86
mJ; 351; 4.69; 99.47; 105.80
mK; 352; 3.52; 102.31; 117.17
mL; 353; 0.68; 26.11; 41.62
mM; 354; 0.45; 32.67; 39.87
mN; 355; 6.65; 29.6; 50.38
mO; 356; 4.48; 40.1; 55.38
mP; 357; 1.20; 98.83; 105.34
mQ; 358; 1.15; 29.5; 42.46
mR; 359; 5.91; 86.73; 100.91
mS; 360; 3.80; 20.16; 33.54
mT; 0; 5.16; 100.8; 119.79
361, 17, 288, 57, 195, 20
0, 11, 181, 267, 342, 321
0, 17, 131, 147, 93, 83
361, 8, 101, 53, 175, 289
0, 1, 109, 319, 287, 353
0, 2, 336, 13, 303, 294
361, 13, 273, 58, 336, 200
361, 26, 359, 239, 293, 111
361, 10, 148, 134, 238, 187
361, 25, 318, 36, 165, 216
0, 17, 92, 177, 174, 173
0, 24, 181, 31, 174, 153
361, 15, 218, 77, 349, 211
361, 2, 78, 189, 11, 151
0, 19, 40, 65, 142, 202
0, 14, 333, 103, 96, 289
361, 6, 230, 282, 222, 350
361, 1, 256, 186, 336, 81
0, 26, 10, 148, 37, 217
0, 21, 143, 136, 232, 67
0, 17, 354, 215, 51, 285
361, 17, 57, 253, 242, 86
0, 9, 341, 184, 90, 255
361, 8, 324, 26, 345, 89
361, 4, 7, 88, 287, 19
361, 7, 65, 43, 339, 187
361, 7, 331, 215, 180, 211
0, 22, 259, 30, 350, 182
361, 24, 13, 256, 103, 212
0, 6, 211, 291, 114, 142
361, 7, 289, 189, 102, 320
0, 3, 310, 271, 251, 296
0, 1, 80, 260, 266, 233
0, 7, 34, 75, 52, 349
361, 2, 185, 159, 219, 286
361, 1, 42, 73, 31, 28
0, 20, 292, 177, 247, 198
0, 14, 250, 49, 88, 81
361, 24, 184, 168, 329, 355
0, 12, 225, 163, 3, 90
0, 20, 176, 330, 135, 24
0, 2, 130, 88, 141, 32
0, 18, 260, 334, 105, 148
0, 21, 288, 182, 244, 287
361, 8, 18, 300, 230, 297
361, 16, 108, 276, 24, 18
361, 18, 72, 359, 54, 276
361, 3, 298, 250, 220, 319
0, 11, 358, 277, 63, 35
361, 7, 327, 58, 62, 283
361, 9, 285, 0, 200, 209
