21.12
202.85
73
61
TABanana; 0; 106842.03; 1000080.01; 1530000.00
a; 1; 6.38; 75.16; 78.91
b; 2; 0.21; 53.76; 65.49
c; 3; 0.26; 68.86; 83.49
d; 4; 4.30; 88.53; 98.30
e; 5; 4.31; 86.20; 95.72
f; 6; 1.94; 85.41; 95.27
g; 7; 0.80; 67.77; 71.15
h; 8; 2.64; 27.64; 42.55
i; 9; 2.6; 2.58; 7.75
j; 10; 0.90; 9.84; 26.71
k; 11; 3.63; 41.89; 53.85
l; 12; 6.64; 84.29; 87.11
m; 13; 5.38; 82.49; 93.87
n; 0; 5.10; 29.41; 41.31
o; 1; 1.46; 83.5; 88.54
p; 2; 2.72; 27.98; 28.78
q; 3; 5.28; 61.97; 66.34
r; 4; 2.74; 22.14; 28.55
s; 5; 2.43; 81.59; 97.0
t; 6; 1.0; 82.25; 95.21
u; 7; 5.4; 42.4; 46.48
v; 8; 3.1; 41.3; 49.15
w; 9; 6.22; 87.6; 87.64
x; 10; 4.96; 9.48; 10.60
y; 11; 5.81; 15.62; 20.43
z; 12; 2.39; 32.59; 36.4
A; 13; 5.70; 84.93; 86.7
B; 0; 2.51; 88.50; 105.14
C; 1; 1.74; 21.26; 36.0
D; 2; 6.73; 4.80; 6.15
E; 3; 2.70; 49.46; 57.75
F; 4; 5.55; 50.52; 60.94
G; 5; 4.39; 38.50; 41.62
H; 6; 3.82; 64.93; 67.54
I; 7; 4.31; 89.32; 98.87
J; 8; 2.87; 51.84; 56.11
K; 9; 1.2; 59.41; 70.68
L; 10; 2.96; 69.47; 73.99
M; 11; 4.32; 2.73; 8.19
N; 12; 2.91; 20.49; 29.50
O; 13; 1.64; 23.5; 31.46
P; 0; 1.95; 71.91; 80.48
Q; 1; 0.15; 44.61; 44.3
R; 2; 6.40; 0.36; 5.94
S; 3; 3.66; 62.86; 68.38
T; 4; 2.65; 66.51; 80.55
U; 5; 5.44; 52.78; 53.97
V; 6; 3.12; 17.35; 17.48
W; 7; 1.87; 16.7; 20.94
X; 8; 5.97; 2.75; 6.40
Y; 9; 2.54; 11.22; 27.2
Z; 10; 5.87; 54.9; 69.93
aa; 11; 3.51; 75.88; 78.35
ab; 12; 0.65; 29.74; 36.34
ac; 13; 6.77; 31.57; 38.61
ad; 0; 3.83; 17.72; 28.61
ae; 1; 3.63; 35.43; 41.55
af; 2; 0.2; 47.83; 54.94
ag; 3; 5.78; 36.41; 44.64
ah; 4; 2.8; 43.62; 49.78
ai; 5; 5.70; 15.0; 23.92
aj; 6; 0.69; 45.94; 62.95
ak; 7; 3.90; 22.15; 27.51
al; 8; 5.98; 82.48; 91.36
am; 9; 1.1; 13.41; 21.3
an; 10; 5.55; 20.5; 28.64
ao; 11; 3.30; 83.87; 100.70
ap; 12; 6.61; 23.8; 32.97
aq; 13; 1.6; 10.10; 13.74
ar; 0; 0.30; 67.74; 76.45
as; 1; 5.95; 5.48; 17.35
at; 2; 1.22; 61.46; 64.63
12, 6, 1, 8, 7, 3
0, 6, 7, 8, 4, 1
0, 12, 7, 5, 8, 4
12, 1, 11, 9, 10, 0
0, 7, 5, 8, 1, 2
0, 4, 3, 9, 6, 5
12, 5, 8, 7, 1, 2
12, 4, 8, 11, 9, 3
12, 10, 11, 7, 4, 5
12, 8, 7, 6, 2, 10
0, 1, 9, 3, 11, 7
0, 11, 6, 2, 8, 1
12, 5, 3, 1, 10, 6
12, 1, 6, 11, 2, 4
0, 10, 8, 1, 4, 5
0, 3, 10, 4, 9, 8
0, 7, 3, 5, 4, 10
12, 1, 10, 9, 0, 4
12, 5, 2, 7, 9, 3
12, 9, 11, 0, 7, 8
0, 12, 1, 2, 11, 7
0, 1, 7, 3, 10, 4
0, 3, 2, 6, 1, 4
12, 5, 1, 3, 0, 11
0, 1, 4, 8, 11, 5
12, 7, 4, 0, 1, 11
12, 9, 3, 1, 7, 2
12, 1, 10, 8, 11, 6
0, 10, 2, 4, 7, 5
12, 2, 10, 11, 9, 6
0, 2, 4, 3, 6, 7
12, 2, 9, 1, 3, 5
0, 6, 9, 10, 5, 3
12, 7, 5, 3, 9, 2
12, 9, 11, 2, 6, 1
0, 1, 5, 10, 9, 3
0, 4, 2, 9, 1, 6
12, 10, 5, 4, 8, 9
0, 4, 3, 5, 8, 10
12, 3, 0, 9, 8, 2
0, 11, 4, 3, 5, 7
0, 4, 8, 5, 1, 9
12, 3, 9, 5, 7, 10
0, 3, 4, 1, 5, 9
0, 10, 9, 1, 2, 4
0, 6, 2, 8, 10, 5
0, 4, 3, 5, 1, 10
0, 2, 3, 7, 1, 8
0, 11, 5, 2, 4, 7
0, 9, 3, 11, 7, 6
12, 5, 10, 9, 1, 7
12, 4, 5, 9, 2, 11
0, 4, 11, 3, 7, 2
12, 5, 7, 0, 1, 6
12, 2, 3, 0, 4, 8
12, 11, 1, 6, 7, 10
0, 5, 1, 10, 7, 2
12, 11, 4, 9, 7, 8
12, 11, 3, 2, 7, 0
12, 1, 7, 11, 8, 10
