213.11
202.13
773
50
TABanana; 0; 106842.03; 1000080.01; 1530000.00
a; 1; 9.24; 2.12; 2.85
b; 2; 1.15; 4.25; 4.23
c; 3; 7.91; 3.89; 3.23
d; 4; 0.17; 6.84; 6.26
e; 5; 2.95; 1.14; 1.64
f; 6; 0.25; 3.85; 3.93
g; 7; 5.99; 2.8; 2.60
h; 8; 6.98; 4.27; 4.6
i; 9; 3.13; 1.73; 1.26
j; 10; 0.32; 6.46; 6.31
k; 11; 8.43; 1.69; 1.95
l; 12; 7.34; 4.19; 4.65
m; 13; 2.70; 0.12; 0.40
n; 14; 5.2; 2.36; 2.95
o; 15; 4.89; 4.77; 4.51
p; 16; 10.12; 0.17; 0.8
q; 17; 3.20; 3.68; 3.76
r; 18; 5.29; 5.10; 5.81
s; 19; 2.64; 3.4; 3.56
t; 20; 5.13; 5.60; 5.1
u; 21; 9.84; 4.30; 4.39
v; 22; 7.17; 0.4; 0.31
w; 23; 3.29; 0.40; 0.32
x; 24; 3.22; 1.56; 1.42
y; 25; 1.20; 1.42; 1.59
z; 26; 2.58; 2.7; 2.45
A; 27; 6.37; 4.14; 4.34
B; 28; 7.51; 3.63; 3.64
C; 29; 9.56; 6.23; 6.88
D; 30; 7.37; 1.41; 1.0
E; 31; 8.56; 0.97; 0.21
F; 32; 7.16; 1.5; 1.10
G; 33; 1.4; 4.97; 4.40
H; 34; 2.80; 6.78; 6.27
I; 35; 6.26; 0.45; 0.51
J; 36; 0.2; 5.48; 5.87
K; 37; 7.78; 3.75; 3.77
L; 38; 1.0; 5.81; 5.58
M; 39; 3.92; 2.22; 2.18
N; 40; 1.80; 2.9; 2.54
O; 41; 2.74; 1.43; 1.73
P; 42; 5.65; 1.82; 1.9
Q; 43; 9.11; 1.99; 1.56
R; 44; 6.53; 0.80; 0.52
S; 45; 8.2; 1.54; 1.83
T; 46; 6.80; 5.88; 5.71
U; 47; 0.78; 6.47; 6.20
V; 48; 3.61; 0.26; 0.83
W; 49; 9.82; 0.63; 0.47
X; 50; 6.44; 2.91; 2.25
Y; 51; 5.48; 5.16; 5.30
Z; 52; 5.25; 2.10; 2.35
aa; 53; 3.95; 6.21; 6.50
ab; 54; 8.64; 4.69; 4.9
ac; 55; 9.86; 0.65; 0.52
ad; 56; 8.35; 2.32; 2.50
ae; 57; 7.39; 3.63; 3.59
af; 58; 6.98; 4.6; 4.99
ag; 59; 9.30; 3.96; 3.13
ah; 60; 9.37; 3.38; 3.51
ai; 61; 3.98; 4.64; 4.67
aj; 62; 9.69; 0.13; 0.58
ak; 63; 7.26; 0.0; 0.64
al; 64; 6.6; 6.15; 6.78
am; 65; 2.38; 5.76; 5.42
an; 66; 8.73; 2.28; 2.53
ao; 67; 6.90; 4.56; 4.14
ap; 68; 4.1; 0.43; 0.87
aq; 69; 3.17; 0.73; 0.94
ar; 70; 8.56; 2.22; 2.31
as; 71; 4.7; 5.31; 5.88
at; 72; 5.9; 4.16; 4.83
au; 73; 2.77; 0.56; 0.17
av; 74; 5.78; 6.7; 6.41
aw; 75; 8.90; 2.45; 2.65
ax; 76; 1.54; 2.11; 2.41
ay; 77; 0.59; 1.79; 1.21
az; 78; 3.34; 4.57; 4.64
aA; 79; 0.9; 1.39; 1.73
aB; 80; 5.29; 6.88; 6.21
aC; 81; 9.78; 6.80; 6.18
aD; 82; 6.2; 1.49; 1.95
aE; 83; 2.24; 0.26; 0.97
aF; 84; 0.21; 6.48; 6.53
aG; 85; 9.82; 3.57; 3.92
aH; 86; 1.97; 6.59; 6.17
aI; 87; 1.72; 3.56; 3.71
aJ; 88; 3.49; 6.55; 6.8
aK; 89; 1.37; 6.42; 6.33
aL; 90; 0.75; 3.64; 3.25
aM; 91; 5.4; 0.18; 0.23
aN; 92; 5.7; 5.66; 5.6
aO; 93; 4.91; 5.2; 5.35
aP; 94; 4.87; 4.46; 4.89
aQ; 95; 0.5; 3.51; 3.48
aR; 96; 3.27; 3.23; 3.78
aS; 97; 5.94; 6.68; 6.92
aT; 98; 10.14; 2.71; 2.18
aU; 99; 6.92; 3.23; 3.69
aV; 100; 2.67; 0.66; 0.71
aW; 101; 8.31; 3.0; 3.94
aX; 102; 4.27; 0.5; 0.56
aY; 103; 6.62; 3.80; 3.44
aZ; 104; 1.99; 0.3; 0.46
ba; 105; 7.32; 2.65; 2.3
bb; 106; 5.92; 0.80; 0.21
bc; 107; 5.79; 2.64; 2.75
bd; 108; 10.60; 5.48; 5.14
be; 109; 6.31; 4.99; 4.25
bf; 110; 2.33; 4.74; 4.82
bg; 111; 1.22; 0.2; 0.42
bh; 112; 5.59; 1.8; 1.82
bi; 113; 8.68; 2.63; 2.50
bj; 114; 5.76; 1.49; 1.0
bk; 115; 8.91; 3.3; 3.50
bl; 116; 7.90; 0.79; 0.15
bm; 117; 3.82; 5.32; 5.33
bn; 118; 9.59; 4.42; 4.66
bo; 119; 1.53; 4.52; 4.50
bp; 120; 8.10; 5.63; 5.41
bq; 121; 7.96; 1.53; 1.67
br; 122; 6.55; 0.99; 0.21
bs; 123; 6.46; 5.62; 5.34
bt; 124; 7.45; 4.55; 4.67
bu; 125; 6.52; 1.70; 1.74
bv; 126; 10.6; 0.36; 0.24
bw; 127; 8.54; 2.0; 2.44
bx; 128; 9.63; 4.99; 4.71
by; 129; 3.70; 5.4; 5.21
bz; 130; 1.3; 4.93; 4.86
bA; 131; 2.74; 5.95; 5.27
bB; 132; 10.98; 1.48; 1.29
bC; 133; 5.33; 4.52; 4.73
bD; 134; 10.23; 6.44; 6.32
bE; 135; 6.66; 1.46; 1.31
bF; 136; 10.33; 0.58; 0.90
bG; 137; 1.49; 0.57; 0.36
bH; 138; 9.59; 5.87; 5.5
bI; 139; 2.19; 3.11; 3.11
bJ; 140; 2.52; 0.50; 0.5
bK; 141; 10.84; 0.46; 0.69
bL; 142; 6.30; 6.82; 6.28
bM; 143; 9.12; 5.1; 5.59
bN; 144; 0.92; 1.39; 1.96
bO; 145; 5.71; 1.23; 1.71
bP; 146; 9.80; 6.62; 6.15
bQ; 147; 3.35; 4.6; 4.93
bR; 148; 0.38; 1.95; 1.69
bS; 149; 7.72; 4.43; 4.43
bT; 150; 0.70; 2.43; 2.37
bU; 151; 2.28; 6.42; 6.65
bV; 152; 1.53; 4.74; 4.95
bW; 153; 4.84; 1.26; 1.44
bX; 154; 7.26; 4.84; 4.7
bY; 155; 8.82; 2.46; 2.15
bZ; 156; 6.97; 4.45; 4.59
ca; 157; 3.56; 0.66; 0.62
cb; 158; 4.76; 4.27; 4.45
cc; 159; 8.67; 3.92; 3.85
cd; 160; 4.79; 2.7; 2.28
ce; 161; 1.0; 5.37; 5.98
cf; 162; 8.51; 3.82; 3.18
cg; 163; 9.87; 5.43; 5.6
ch; 164; 4.28; 2.6; 2.89
ci; 165; 9.66; 6.88; 6.14
cj; 166; 5.36; 0.31; 0.23
ck; 167; 9.64; 4.76; 4.84
cl; 168; 7.63; 1.80; 1.90
cm; 169; 5.64; 3.59; 3.13
cn; 170; 2.39; 5.66; 5.81
co; 171; 6.13; 4.50; 4.45
cp; 172; 4.78; 6.58; 6.71
cq; 173; 10.44; 5.90; 5.6
cr; 174; 5.96; 6.92; 6.99
cs; 175; 7.53; 2.27; 2.1
ct; 176; 0.23; 2.63; 2.93
cu; 177; 3.89; 1.39; 1.76
cv; 178; 9.11; 5.85; 5.26
cw; 179; 9.25; 0.23; 0.39
cx; 180; 10.52; 4.75; 4.0
cy; 181; 10.63; 4.49; 4.5
cz; 182; 7.44; 2.62; 2.99
cA; 183; 4.0; 5.28; 5.38
cB; 184; 5.55; 0.67; 0.76
cC; 185; 9.15; 0.54; 0.34
cD; 186; 4.61; 5.61; 5.17
cE; 187; 10.83; 0.10; 0.71
cF; 188; 9.86; 4.68; 4.75
cG; 189; 3.9; 0.88; 0.30
cH; 190; 1.47; 0.96; 0.79
cI; 191; 7.96; 0.58; 0.99
cJ; 192; 9.41; 1.78; 1.6
cK; 193; 9.33; 1.49; 1.55
cL; 194; 4.39; 3.95; 3.4
cM; 195; 7.97; 5.42; 5.47
cN; 196; 10.24; 2.33; 2.43
cO; 197; 5.11; 1.3; 1.69
cP; 198; 2.37; 2.71; 2.18
cQ; 199; 2.71; 3.90; 3.78
cR; 200; 0.60; 1.61; 1.43
cS; 201; 8.67; 1.61; 1.34
cT; 202; 3.98; 5.89; 5.59
cU; 203; 2.36; 0.38; 0.96
cV; 204; 9.66; 4.9; 4.72
cW; 205; 1.87; 2.47; 2.2
cX; 206; 0.7; 4.88; 4.16
cY; 207; 3.1; 6.78; 6.38
cZ; 208; 9.60; 2.22; 2.15
da; 209; 5.41; 1.90; 1.32
db; 210; 1.67; 5.86; 5.5
dc; 211; 7.96; 3.0; 3.27
dd; 212; 2.97; 5.26; 5.53
de; 213; 0.67; 6.16; 6.68
df; 214; 2.21; 3.66; 3.70
dg; 215; 3.52; 4.16; 4.71
dh; 216; 5.48; 3.3; 3.65
di; 217; 0.65; 5.35; 5.33
dj; 218; 4.99; 4.80; 4.61
dk; 219; 1.2; 1.43; 1.99
dl; 220; 4.77; 5.91; 5.31
dm; 221; 2.4; 1.4; 1.90
dn; 222; 3.75; 2.61; 2.41
do; 223; 8.56; 4.87; 4.99
dp; 224; 9.79; 6.29; 6.85
dq; 225; 2.46; 2.44; 2.13
dr; 226; 9.51; 3.3; 3.7
ds; 227; 6.55; 6.25; 6.72
dt; 228; 6.61; 5.96; 5.18
du; 229; 7.29; 3.91; 3.24
dv; 230; 4.98; 5.97; 5.72
dw; 231; 8.49; 1.6; 1.6
dx; 232; 6.49; 4.93; 4.37
dy; 233; 10.3; 5.75; 5.94
dz; 234; 0.35; 0.29; 0.19
dA; 235; 3.61; 2.65; 2.38
dB; 236; 0.45; 5.12; 5.89
dC; 237; 7.9; 5.91; 5.27
dD; 238; 3.25; 4.26; 4.12
dE; 239; 7.82; 3.78; 3.13
dF; 240; 4.35; 5.95; 5.50
dG; 241; 8.72; 4.31; 4.73
dH; 242; 0.5; 1.86; 1.7
dI; 243; 6.22; 2.70; 2.36
dJ; 244; 0.32; 4.84; 4.54
dK; 245; 0.72; 5.92; 5.53
dL; 246; 7.81; 1.72; 1.29
dM; 247; 8.49; 1.86; 1.89
dN; 248; 5.91; 3.14; 3.48
dO; 249; 6.23; 4.80; 4.75
dP; 250; 0.3; 4.4; 4.64
dQ; 251; 7.35; 3.92; 3.16
dR; 252; 7.1; 4.42; 4.90
dS; 253; 6.47; 5.94; 5.41
dT; 254; 9.39; 3.42; 3.85
dU; 255; 2.98; 6.0; 6.31
dV; 256; 7.80; 3.69; 3.56
dW; 257; 7.13; 4.49; 4.65
dX; 258; 3.74; 6.66; 6.34
dY; 259; 7.47; 5.91; 5.70
dZ; 260; 9.39; 0.13; 0.41
ea; 261; 1.72; 6.70; 6.54
eb; 262; 9.3; 6.90; 6.16
ec; 263; 7.0; 4.79; 4.45
ed; 264; 2.75; 0.20; 0.89
ee; 265; 8.57; 0.73; 0.96
ef; 266; 4.72; 6.73; 6.57
eg; 267; 5.47; 1.98; 1.18
eh; 268; 5.3; 6.97; 6.40
ei; 269; 5.64; 3.41; 3.95
ej; 270; 5.79; 4.77; 4.25
ek; 271; 8.15; 2.93; 2.38
el; 272; 6.18; 3.10; 3.81
em; 273; 6.91; 4.55; 4.76
en; 274; 4.24; 5.37; 5.40
eo; 275; 9.77; 6.45; 6.35
ep; 276; 0.49; 4.14; 4.29
eq; 277; 9.4; 5.50; 5.83
er; 278; 5.75; 6.42; 6.26
es; 279; 1.33; 3.34; 3.37
et; 280; 5.3; 3.10; 3.68
eu; 281; 7.76; 0.73; 0.96
ev; 282; 4.61; 3.57; 3.81
ew; 283; 10.82; 1.69; 1.26
ex; 284; 3.18; 3.34; 3.67
ey; 285; 10.16; 1.83; 1.91
ez; 286; 0.9; 6.10; 6.97
eA; 287; 9.89; 1.47; 1.46
eB; 288; 5.83; 0.56; 0.1
eC; 289; 5.18; 1.87; 1.90
eD; 290; 6.54; 5.68; 5.98
eE; 291; 5.34; 1.44; 1.81
eF; 292; 6.41; 2.88; 2.98
eG; 293; 9.81; 6.40; 6.35
eH; 294; 1.53; 1.71; 1.0
eI; 295; 1.94; 2.47; 2.71
eJ; 296; 0.95; 6.57; 6.27
eK; 297; 6.76; 6.31; 6.91
eL; 298; 3.56; 6.68; 6.87
eM; 299; 2.16; 3.65; 3.8
eN; 300; 7.97; 3.89; 3.54
eO; 301; 8.21; 1.13; 1.93
eP; 302; 10.14; 0.19; 0.2
eQ; 303; 8.16; 6.64; 6.59
eR; 304; 1.79; 2.36; 2.15
eS; 305; 0.69; 2.8; 2.47
eT; 306; 8.87; 5.15; 5.77
eU; 307; 2.44; 2.64; 2.68
eV; 308; 2.86; 4.88; 4.48
eW; 309; 1.73; 2.50; 2.65
eX; 310; 7.4; 6.66; 6.60
eY; 311; 0.58; 4.44; 4.91
eZ; 312; 2.50; 2.48; 2.39
fa; 313; 6.99; 2.27; 2.88
fb; 314; 5.60; 4.88; 4.12
fc; 315; 6.64; 0.78; 0.24
fd; 316; 10.46; 1.50; 1.92
fe; 317; 10.75; 4.12; 4.74
ff; 318; 2.13; 3.17; 3.2
fg; 319; 10.29; 2.54; 2.35
fh; 320; 4.89; 0.52; 0.13
fi; 321; 8.72; 5.92; 5.79
fj; 322; 2.15; 2.56; 2.6
fk; 323; 6.44; 6.93; 6.97
fl; 324; 10.9; 4.38; 4.74
fm; 325; 5.34; 0.47; 0.43
fn; 326; 4.26; 3.55; 3.80
fo; 327; 3.7; 6.47; 6.2
fp; 328; 7.17; 6.23; 6.43
fq; 329; 0.91; 1.78; 1.73
fr; 330; 7.53; 2.11; 2.38
fs; 331; 6.25; 3.98; 3.81
ft; 332; 6.74; 2.1; 2.72
fu; 333; 6.92; 0.20; 0.10
fv; 334; 5.80; 2.72; 2.70
fw; 335; 6.29; 2.15; 2.51
fx; 336; 9.20; 0.93; 0.40
fy; 337; 6.87; 2.34; 2.50
fz; 338; 3.76; 5.46; 5.23
fA; 339; 7.11; 2.2; 2.93
fB; 340; 1.4; 6.45; 6.18
fC; 341; 7.89; 0.52; 0.37
fD; 342; 7.33; 4.46; 4.79
fE; 343; 3.8; 1.71; 1.18
fF; 344; 3.58; 0.12; 0.73
fG; 345; 3.8; 3.59; 3.25
fH; 346; 1.33; 3.53; 3.19
fI; 347; 10.79; 3.92; 3.7
fJ; 348; 5.9; 0.21; 0.48
fK; 349; 6.22; 2.64; 2.70
fL; 350; 4.98; 1.56; 1.43
fM; 351; 8.79; 4.81; 4.40
fN; 352; 10.67; 1.7; 1.67
fO; 353; 3.59; 5.67; 5.31
fP; 354; 5.62; 6.12; 6.9
fQ; 355; 9.0; 5.78; 5.39
fR; 356; 6.57; 0.52; 0.38
fS; 357; 10.17; 0.14; 0.88
fT; 358; 2.12; 3.80; 3.79
fU; 359; 2.50; 2.75; 2.21
fV; 360; 5.29; 2.12; 2.58
fW; 361; 8.19; 4.73; 4.77
fX; 362; 9.59; 4.46; 4.95
fY; 363; 3.81; 1.96; 1.14
fZ; 364; 10.93; 0.58; 0.41
ga; 365; 8.61; 1.59; 1.59
gb; 366; 8.56; 3.14; 3.81
gc; 367; 0.17; 3.35; 3.50
gd; 368; 1.39; 4.99; 4.85
ge; 369; 1.65; 5.95; 5.36
gf; 370; 10.26; 6.94; 6.50
gg; 371; 1.17; 5.95; 5.53
gh; 372; 1.1; 3.4; 3.53
gi; 373; 9.46; 1.89; 1.71
gj; 374; 9.88; 1.18; 1.35
gk; 375; 3.68; 2.16; 2.9
gl; 376; 10.12; 6.95; 6.18
gm; 377; 7.42; 1.40; 1.80
gn; 378; 0.67; 3.3; 3.22
go; 379; 2.12; 4.51; 4.86
gp; 380; 9.55; 4.90; 4.46
gq; 381; 2.12; 1.87; 1.9
gr; 382; 0.17; 1.62; 1.68
gs; 383; 5.95; 1.0; 1.12
gt; 384; 10.25; 2.75; 2.53
gu; 385; 4.69; 1.59; 1.47
gv; 0; 4.57; 3.6; 3.72
gw; 1; 0.88; 1.38; 1.10
gx; 2; 9.67; 1.58; 1.12
gy; 3; 1.61; 0.61; 0.57
gz; 4; 5.67; 4.74; 4.42
gA; 5; 9.30; 4.42; 4.41
gB; 6; 0.16; 3.86; 3.39
gC; 7; 6.81; 3.82; 3.27
gD; 8; 9.57; 1.0; 1.24
gE; 9; 3.70; 1.54; 1.15
gF; 10; 4.93; 2.4; 2.1
gG; 11; 8.30; 5.17; 5.10
gH; 12; 8.91; 6.62; 6.92
gI; 13; 6.52; 0.3; 0.7
gJ; 14; 2.48; 3.83; 3.65
gK; 15; 4.63; 5.32; 5.72
gL; 16; 8.31; 5.14; 5.45
gM; 17; 2.58; 6.79; 6.35
gN; 18; 4.40; 6.93; 6.54
gO; 19; 1.56; 0.74; 0.6
gP; 20; 3.6; 2.15; 2.91
gQ; 21; 3.90; 5.95; 5.64
gR; 22; 1.48; 2.12; 2.4
gS; 23; 9.8; 5.9; 5.34
gT; 24; 4.55; 6.87; 6.61
gU; 25; 2.43; 0.38; 0.32
gV; 26; 8.25; 1.95; 1.16
gW; 27; 9.78; 6.53; 6.94
gX; 28; 2.12; 5.94; 5.26
gY; 29; 3.24; 0.79; 0.31
gZ; 30; 6.19; 0.14; 0.76
ha; 31; 5.66; 5.97; 5.12
hb; 32; 6.43; 6.99; 6.45
hc; 33; 3.13; 4.20; 4.32
hd; 34; 6.89; 2.43; 2.86
he; 35; 4.22; 0.4; 0.40
hf; 36; 9.31; 2.82; 2.68
hg; 37; 9.98; 1.0; 1.28
hh; 38; 3.89; 2.52; 2.56
hi; 39; 3.21; 2.15; 2.43
hj; 40; 8.74; 4.60; 4.63
hk; 41; 8.75; 2.14; 2.54
hl; 42; 3.96; 1.29; 1.81
hm; 43; 2.28; 2.37; 2.85
hn; 44; 6.81; 4.57; 4.47
ho; 45; 4.87; 3.25; 3.37
hp; 46; 9.39; 0.80; 0.89
hq; 47; 6.33; 2.84; 2.93
hr; 48; 1.60; 5.73; 5.16
hs; 49; 6.81; 0.82; 0.88
ht; 50; 8.70; 6.39; 6.95
hu; 51; 0.76; 0.36; 0.70
hv; 52; 8.68; 1.88; 1.82
hw; 53; 10.82; 2.9; 2.49
hx; 54; 2.52; 2.96; 2.95
hy; 55; 2.34; 1.6; 1.80
hz; 56; 5.97; 1.15; 1.71
hA; 57; 10.14; 3.13; 3.54
hB; 58; 2.2; 1.19; 1.42
hC; 59; 7.12; 3.56; 3.7
hD; 60; 6.97; 2.98; 2.25
hE; 61; 3.46; 6.24; 6.16
hF; 62; 8.30; 3.79; 3.63
hG; 63; 0.64; 5.36; 5.61
hH; 64; 9.1; 2.67; 2.79
hI; 65; 10.29; 3.62; 3.48
hJ; 66; 6.74; 4.53; 4.90
hK; 67; 9.89; 6.94; 6.86
hL; 68; 6.58; 1.2; 1.64
hM; 69; 4.73; 3.66; 3.53
hN; 70; 3.46; 2.93; 2.13
hO; 71; 4.91; 4.50; 4.80
hP; 72; 3.14; 0.79; 0.77
hQ; 73; 2.5; 5.10; 5.53
hR; 74; 10.35; 5.60; 5.38
hS; 75; 6.55; 0.95; 0.83
hT; 76; 3.29; 4.79; 4.53
hU; 77; 8.20; 4.93; 4.3
hV; 78; 4.76; 5.60; 5.69
hW; 79; 8.80; 4.62; 4.99
hX; 80; 3.78; 0.15; 0.5
hY; 81; 5.11; 1.22; 1.5
hZ; 82; 4.39; 1.91; 1.56
ia; 83; 3.3; 3.70; 3.53
ib; 84; 0.56; 3.29; 3.0
ic; 85; 6.96; 6.43; 6.61
id; 86; 6.51; 1.94; 1.43
ie; 87; 1.51; 3.17; 3.7
if; 88; 1.97; 2.13; 2.82
ig; 89; 3.34; 6.1; 6.53
ih; 90; 8.0; 3.63; 3.90
ii; 91; 3.46; 3.8; 3.23
ij; 92; 7.93; 2.7; 2.95
ik; 93; 2.50; 3.44; 3.21
il; 94; 6.39; 0.37; 0.56
im; 95; 2.38; 0.74; 0.90
in; 96; 4.11; 4.18; 4.25
io; 97; 0.50; 3.99; 3.63
ip; 98; 4.9; 5.28; 5.13
iq; 99; 6.31; 5.94; 5.14
ir; 100; 8.74; 4.18; 4.25
is; 101; 6.95; 2.88; 2.31
it; 102; 6.21; 3.53; 3.94
iu; 103; 3.44; 4.36; 4.12
iv; 104; 9.34; 3.11; 3.46
iw; 105; 9.15; 4.80; 4.47
ix; 106; 10.33; 0.41; 0.28
iy; 107; 3.18; 4.34; 4.94
iz; 108; 9.3; 4.24; 4.55
iA; 109; 6.83; 5.72; 5.98
iB; 110; 1.56; 4.52; 4.97
iC; 111; 10.38; 1.3; 1.47
iD; 112; 4.66; 1.32; 1.56
iE; 113; 4.73; 4.38; 4.86
iF; 114; 2.46; 3.46; 3.7
iG; 115; 10.24; 3.57; 3.93
iH; 116; 8.79; 2.55; 2.3
iI; 117; 0.10; 3.62; 3.16
iJ; 118; 10.69; 5.39; 5.8
iK; 119; 9.8; 4.83; 4.98
iL; 120; 0.10; 6.51; 6.62
iM; 121; 8.55; 4.26; 4.93
iN; 122; 0.0; 4.50; 4.19
iO; 123; 0.56; 2.19; 2.22
iP; 124; 5.68; 1.41; 1.76
iQ; 125; 9.24; 1.18; 1.10
iR; 126; 1.50; 4.10; 4.56
iS; 127; 1.89; 2.71; 2.25
iT; 128; 6.30; 4.64; 4.35
iU; 129; 3.94; 6.86; 6.32
iV; 130; 9.66; 5.70; 5.6
iW; 131; 2.78; 6.4; 6.36
iX; 132; 1.50; 4.58; 4.60
iY; 133; 0.42; 1.49; 1.66
iZ; 134; 5.84; 0.26; 0.86
ja; 135; 7.64; 6.83; 6.93
jb; 136; 5.85; 1.2; 1.25
jc; 137; 8.81; 0.28; 0.37
jd; 138; 5.94; 1.56; 1.81
je; 139; 5.23; 0.72; 0.72
jf; 140; 2.78; 5.37; 5.52
jg; 141; 9.10; 3.91; 3.40
jh; 142; 0.73; 0.35; 0.43
ji; 143; 1.22; 5.22; 5.60
jj; 144; 6.6; 1.15; 1.51
jk; 145; 1.92; 2.51; 2.31
jl; 146; 4.94; 3.89; 3.74
jm; 147; 5.54; 4.62; 4.94
jn; 148; 9.51; 3.56; 3.74
jo; 149; 6.58; 5.79; 5.92
jp; 150; 4.67; 0.78; 0.51
jq; 151; 10.28; 5.88; 5.73
jr; 152; 2.93; 5.16; 5.92
js; 153; 7.54; 3.47; 3.97
jt; 154; 9.85; 2.58; 2.45
ju; 155; 6.51; 3.47; 3.28
jv; 156; 6.21; 5.83; 5.57
jw; 157; 10.43; 3.54; 3.0
jx; 158; 9.42; 6.82; 6.28
jy; 159; 4.19; 2.82; 2.20
jz; 160; 2.82; 2.92; 2.58
jA; 161; 2.46; 3.87; 3.57
jB; 162; 9.20; 4.38; 4.7
jC; 163; 9.72; 0.56; 0.1
jD; 164; 5.38; 2.68; 2.69
jE; 165; 8.86; 6.49; 6.79
jF; 166; 3.32; 5.2; 5.8
jG; 167; 0.57; 2.44; 2.69
jH; 168; 2.75; 1.46; 1.89
jI; 169; 3.44; 4.82; 4.60
jJ; 170; 1.91; 6.88; 6.56
jK; 171; 10.57; 4.76; 4.41
jL; 172; 10.64; 4.10; 4.16
jM; 173; 1.6; 5.35; 5.41
jN; 174; 8.1; 3.15; 3.27
jO; 175; 2.45; 4.14; 4.73
jP; 176; 6.22; 6.45; 6.55
jQ; 177; 8.58; 3.99; 3.96
jR; 178; 6.53; 3.66; 3.64
jS; 179; 0.22; 4.85; 4.36
jT; 180; 9.12; 1.56; 1.37
jU; 181; 0.3; 4.25; 4.8
jV; 182; 8.72; 5.14; 5.65
jW; 183; 2.58; 2.96; 2.73
jX; 184; 4.83; 4.9; 4.6
jY; 185; 2.23; 5.11; 5.19
jZ; 186; 0.49; 4.82; 4.59
ka; 187; 4.5; 5.61; 5.38
kb; 188; 0.95; 5.13; 5.18
kc; 189; 1.27; 1.74; 1.67
kd; 190; 1.43; 2.27; 2.43
ke; 191; 0.30; 0.89; 0.8
kf; 192; 8.55; 3.81; 3.3
kg; 193; 9.18; 1.78; 1.99
kh; 194; 10.8; 1.7; 1.93
ki; 195; 4.21; 0.77; 0.0
kj; 196; 8.89; 4.48; 4.72
kk; 197; 9.22; 5.45; 5.42
kl; 198; 3.11; 5.51; 5.44
km; 199; 0.48; 5.74; 5.86
kn; 200; 1.88; 2.59; 2.17
ko; 201; 9.89; 5.52; 5.11
kp; 202; 10.78; 0.38; 0.15
kq; 203; 2.75; 2.41; 2.84
kr; 204; 2.68; 2.97; 2.86
ks; 205; 3.99; 0.74; 0.36
kt; 206; 10.10; 2.18; 2.61
ku; 207; 5.22; 1.53; 1.63
kv; 208; 10.87; 4.41; 4.59
kw; 209; 7.44; 0.64; 0.96
kx; 210; 9.87; 6.65; 6.35
ky; 211; 9.53; 1.19; 1.53
kz; 212; 5.60; 5.79; 5.5
kA; 213; 1.68; 2.86; 2.75
kB; 214; 10.75; 4.36; 4.18
kC; 215; 2.48; 3.61; 3.81
kD; 216; 2.76; 6.33; 6.36
kE; 217; 1.57; 3.42; 3.43
kF; 218; 5.10; 5.43; 5.86
kG; 219; 0.24; 3.57; 3.80
kH; 220; 2.52; 2.37; 2.84
kI; 221; 4.76; 0.96; 0.37
kJ; 222; 9.81; 2.78; 2.20
kK; 223; 7.11; 5.44; 5.57
kL; 224; 6.78; 0.64; 0.71
kM; 225; 5.68; 2.68; 2.29
kN; 226; 1.18; 6.0; 6.51
kO; 227; 8.16; 5.42; 5.55
kP; 228; 4.35; 4.43; 4.64
kQ; 229; 0.26; 1.47; 1.35
kR; 230; 8.15; 4.4; 4.72
kS; 231; 9.10; 0.29; 0.95
kT; 232; 0.53; 3.93; 3.72
kU; 233; 9.97; 1.36; 1.40
kV; 234; 0.92; 5.91; 5.29
kW; 235; 7.4; 6.66; 6.91
kX; 236; 3.25; 1.55; 1.63
kY; 237; 10.22; 4.91; 4.51
kZ; 238; 9.34; 6.7; 6.13
la; 239; 6.15; 0.98; 0.45
lb; 240; 3.36; 2.5; 2.7
lc; 241; 5.35; 0.44; 0.69
ld; 242; 9.20; 6.68; 6.65
le; 243; 3.61; 6.45; 6.5
lf; 244; 10.41; 3.32; 3.25
lg; 245; 7.65; 4.60; 4.4
lh; 246; 9.17; 2.64; 2.32
li; 247; 9.45; 5.88; 5.39
lj; 248; 9.27; 5.24; 5.76
lk; 249; 2.79; 5.96; 5.60
ll; 250; 8.98; 0.71; 0.8
lm; 251; 3.91; 4.7; 4.6
ln; 252; 2.26; 2.20; 2.50
lo; 253; 2.44; 3.96; 3.4
lp; 254; 5.14; 4.45; 4.0
lq; 255; 7.53; 4.83; 4.55
lr; 256; 10.40; 4.50; 4.82
ls; 257; 6.10; 1.15; 1.60
lt; 258; 3.70; 3.0; 3.30
lu; 259; 10.29; 3.74; 3.93
lv; 260; 8.96; 1.31; 1.16
lw; 261; 5.44; 4.18; 4.1
lx; 262; 9.94; 1.18; 1.16
ly; 263; 10.64; 3.2; 3.6
lz; 264; 7.62; 0.69; 0.4
lA; 265; 7.0; 6.12; 6.59
lB; 266; 8.96; 5.59; 5.21
lC; 267; 4.2; 4.99; 4.82
lD; 268; 8.16; 1.69; 1.82
lE; 269; 10.8; 6.18; 6.95
lF; 270; 2.65; 5.2; 5.89
lG; 271; 10.33; 2.5; 2.24
lH; 272; 10.98; 3.91; 3.22
lI; 273; 8.96; 0.56; 0.0
lJ; 274; 2.22; 0.7; 0.42
lK; 275; 1.58; 3.27; 3.6
lL; 276; 10.30; 3.50; 3.34
lM; 277; 9.16; 1.33; 1.8
lN; 278; 9.35; 3.76; 3.3
lO; 279; 7.91; 1.92; 1.33
lP; 280; 8.87; 5.2; 5.41
lQ; 281; 1.8; 3.18; 3.65
lR; 282; 3.88; 4.40; 4.94
lS; 283; 10.28; 2.34; 2.38
lT; 284; 9.84; 5.68; 5.54
lU; 285; 3.38; 6.37; 6.41
lV; 286; 5.75; 6.98; 6.62
lW; 287; 6.49; 6.19; 6.92
lX; 288; 2.66; 2.64; 2.18
lY; 289; 2.92; 4.76; 4.83
lZ; 290; 6.78; 4.92; 4.47
ma; 291; 5.95; 1.13; 1.23
mb; 292; 3.84; 5.0; 5.51
mc; 293; 1.39; 2.73; 2.5
md; 294; 9.71; 4.73; 4.66
me; 295; 1.11; 2.11; 2.66
mf; 296; 1.4; 3.60; 3.8
mg; 297; 5.21; 0.42; 0.60
mh; 298; 7.53; 4.26; 4.22
mi; 299; 9.70; 0.22; 0.83
mj; 300; 4.8; 4.55; 4.3
mk; 301; 10.68; 1.46; 1.78
ml; 302; 4.1; 5.63; 5.82
mm; 303; 10.84; 2.52; 2.44
mn; 304; 6.13; 1.27; 1.72
mo; 305; 3.3; 2.20; 2.20
mp; 306; 4.58; 6.70; 6.15
mq; 307; 7.53; 1.8; 1.9
mr; 308; 1.38; 2.52; 2.56
ms; 309; 4.70; 1.33; 1.55
mt; 310; 6.10; 3.72; 3.36
mu; 311; 6.31; 0.15; 0.34
mv; 312; 7.12; 4.91; 4.82
mw; 313; 5.29; 1.54; 1.20
mx; 314; 7.42; 2.99; 2.19
my; 315; 8.30; 5.23; 5.19
mz; 316; 4.43; 2.76; 2.49
mA; 317; 5.66; 4.83; 4.78
mB; 318; 5.64; 3.30; 3.90
mC; 319; 0.90; 1.13; 1.85
mD; 320; 3.95; 0.23; 0.68
mE; 321; 4.90; 0.12; 0.51
mF; 322; 1.66; 1.18; 1.67
mG; 323; 8.70; 2.20; 2.33
mH; 324; 6.18; 3.44; 3.16
mI; 325; 1.3; 6.40; 6.89
mJ; 326; 8.87; 4.90; 4.40
mK; 327; 3.36; 4.18; 4.16
mL; 328; 0.85; 3.5; 3.44
mM; 329; 3.79; 3.87; 3.81
mN; 330; 10.88; 1.99; 1.82
mO; 331; 6.85; 3.26; 3.38
mP; 332; 5.25; 0.65; 0.18
mQ; 333; 9.6; 3.0; 3.8
mR; 334; 5.12; 3.59; 3.28
mS; 335; 0.1; 2.89; 2.73
mT; 336; 0.23; 6.87; 6.13
mU; 337; 4.48; 4.23; 4.70
mV; 338; 3.17; 4.57; 4.53
mW; 339; 6.62; 3.58; 3.54
mX; 340; 2.66; 1.58; 1.10
mY; 341; 3.52; 3.53; 3.73
mZ; 342; 0.93; 3.51; 3.10
na; 343; 4.70; 6.6; 6.42
nb; 344; 5.68; 5.95; 5.44
nc; 345; 5.64; 4.26; 4.70
nd; 346; 9.47; 2.92; 2.72
ne; 347; 1.0; 2.22; 2.71
nf; 348; 8.18; 3.1; 3.81
ng; 349; 9.99; 0.63; 0.56
nh; 350; 0.59; 6.28; 6.89
ni; 351; 10.44; 6.22; 6.75
nj; 352; 3.48; 6.62; 6.42
nk; 353; 7.14; 3.37; 3.74
nl; 354; 3.60; 1.99; 1.59
nm; 355; 4.59; 5.14; 5.50
nn; 356; 0.65; 4.54; 4.83
no; 357; 9.6; 2.10; 2.85
np; 358; 1.1; 2.66; 2.45
nq; 359; 2.70; 4.26; 4.78
nr; 360; 5.70; 2.97; 2.59
ns; 361; 0.18; 0.28; 0.14
nt; 362; 3.95; 1.42; 1.12
nu; 363; 9.41; 3.28; 3.70
nv; 364; 10.31; 6.27; 6.5
nw; 365; 10.78; 4.83; 4.96
nx; 366; 8.30; 3.76; 3.50
ny; 367; 5.48; 6.88; 6.17
nz; 368; 3.21; 6.82; 6.34
nA; 369; 8.98; 5.96; 5.78
nB; 370; 5.52; 4.1; 4.98
nC; 371; 3.58; 6.29; 6.37
nD; 372; 4.73; 0.93; 0.86
nE; 373; 3.46; 2.44; 2.89
nF; 374; 6.35; 5.73; 5.94
nG; 375; 7.27; 6.58; 6.41
nH; 376; 10.54; 1.24; 1.64
nI; 377; 4.43; 1.50; 1.67
nJ; 378; 3.63; 2.8; 2.97
nK; 379; 0.84; 4.57; 4.73
nL; 380; 4.1; 0.72; 0.9
nM; 381; 9.7; 6.82; 6.81
nN; 382; 4.23; 5.68; 5.56
nO; 383; 2.77; 5.98; 5.63
nP; 384; 10.77; 2.99; 2.22
nQ; 385; 8.36; 2.5; 2.83
nR; 0; 3.67; 2.54; 2.31
386, 9, 202, 124, 348, 275
0, 11, 174, 207, 318, 171
386, 19, 235, 81, 227, 385
386, 22, 325, 136, 152, 72
0, 15, 317, 71, 191, 256
0, 2, 93, 228, 187, 55
386, 20, 31, 177, 133, 154
386, 20, 97, 365, 46, 358
386, 11, 25, 156, 276, 265
386, 23, 273, 201, 125, 247
0, 19, 255, 38, 217, 72
0, 17, 310, 85, 165, 225
386, 12, 347, 267, 195, 189
386, 5, 291, 195, 246, 299
0, 20, 303, 95, 164, 167
0, 3, 233, 47, 351, 287
386, 14, 276, 311, 313, 166
386, 23, 244, 215, 302, 131
0, 14, 364, 54, 182, 381
0, 18, 339, 76, 26, 3
0, 14, 249, 231, 375, 110
386, 9, 181, 249, 385, 265
0, 13, 16, 315, 20, 298
386, 4, 187, 58, 39, 178
386, 5, 313, 191, 236, 131
386, 19, 15, 358, 163, 112
0, 17, 281, 220, 168, 268
386, 14, 321, 204, 102, 367
0, 17, 100, 154, 294, 160
386, 7, 11, 53, 303, 268
0, 4, 95, 332, 11, 360
0, 14, 346, 82, 51, 148
0, 12, 367, 287, 305, 255
386, 12, 277, 176, 197, 89
386, 16, 20, 203, 378, 77
0, 14, 3, 193, 31, 178
0, 5, 206, 312, 326, 114
386, 17, 82, 8, 282, 93
0, 16, 137, 98, 381, 87
0, 11, 94, 75, 268, 63
0, 1, 124, 162, 49, 5
0, 17, 217, 186, 234, 369
0, 17, 357, 164, 355, 160
386, 4, 2, 133, 165, 64
386, 14, 101, 331, 46, 162
386, 9, 286, 238, 136, 323
0, 9, 87, 227, 220, 97
386, 18, 185, 253, 46, 173
386, 24, 39, 383, 85, 45
38, 24, 39, 382, 57, 45
