216.33
250.78
723
52
TABanana; 0; 106842.03; 1000080.01; 1530000.00
a; 1; 17.24; 4.6; 4.1
b; 2; 30.47; 8.27; 8.18
c; 3; 55.76; 3.85; 3.76
d; 4; 17.80; 6.57; 6.51
e; 5; 53.52; 6.79; 6.1
f; 6; 28.86; 7.17; 7.54
g; 7; 11.29; 3.45; 3.40
h; 8; 22.44; 8.0; 8.0
i; 9; 37.45; 5.41; 5.11
j; 10; 32.46; 1.25; 1.32
k; 11; 37.8; 4.78; 4.43
l; 12; 39.53; 6.65; 6.94
m; 13; 4.23; 4.21; 4.89
n; 14; 16.8; 2.53; 2.93
o; 15; 56.54; 2.60; 2.58
p; 16; 29.86; 7.84; 7.48
q; 17; 22.87; 7.17; 7.94
r; 18; 7.78; 0.30; 0.65
s; 19; 9.76; 2.62; 2.62
t; 20; 71.13; 2.98; 2.77
u; 21; 44.20; 5.34; 5.19
v; 22; 61.48; 1.88; 1.7
w; 23; 42.44; 3.86; 3.84
x; 24; 55.85; 6.61; 6.17
y; 25; 65.97; 8.62; 8.43
z; 26; 5.39; 4.86; 4.35
A; 27; 12.83; 1.66; 1.58
B; 28; 17.29; 8.27; 8.26
C; 29; 38.71; 8.47; 8.89
D; 30; 36.32; 5.27; 5.98
E; 31; 58.12; 2.49; 2.29
F; 32; 5.37; 4.83; 4.98
G; 33; 4.2; 8.4; 8.72
H; 34; 34.22; 4.52; 4.15
I; 35; 30.51; 5.20; 5.97
J; 36; 7.95; 1.33; 1.50
K; 37; 50.32; 4.42; 4.51
L; 38; 31.12; 5.17; 5.39
M; 39; 41.89; 2.47; 2.17
N; 40; 0.94; 1.37; 1.98
O; 41; 60.85; 7.31; 7.84
P; 42; 56.73; 6.59; 6.82
Q; 43; 60.34; 6.63; 6.2
R; 44; 55.67; 1.46; 1.92
S; 45; 49.19; 0.33; 0.20
T; 46; 31.34; 1.63; 1.11
U; 47; 27.18; 2.51; 2.99
V; 48; 2.97; 3.21; 3.91
W; 49; 60.27; 0.47; 0.79
X; 50; 56.53; 3.3; 3.61
Y; 51; 22.39; 8.89; 8.55
Z; 52; 8.91; 2.71; 2.47
aa; 53; 4.99; 3.66; 3.6
ab; 54; 5.19; 2.56; 2.67
ac; 55; 30.60; 1.13; 1.75
ad; 56; 4.60; 5.77; 5.10
ae; 57; 18.52; 3.82; 3.92
af; 58; 25.53; 8.8; 8.19
ag; 59; 15.14; 3.65; 3.25
ah; 60; 11.84; 4.40; 4.92
ai; 61; 13.60; 1.3; 1.69
aj; 62; 53.81; 0.23; 0.78
ak; 63; 42.60; 0.76; 0.15
al; 64; 59.5; 4.99; 4.8
am; 65; 34.85; 4.34; 4.22
an; 66; 2.48; 2.99; 2.46
ao; 67; 49.31; 3.73; 3.35
ap; 68; 69.42; 7.82; 7.48
aq; 69; 35.92; 8.93; 8.95
ar; 70; 26.91; 2.12; 2.7
as; 71; 34.9; 1.70; 1.18
at; 72; 37.87; 8.42; 8.97
au; 73; 29.95; 5.91; 5.19
av; 74; 44.60; 5.84; 5.13
aw; 75; 23.28; 6.82; 6.59
ax; 76; 25.80; 5.9; 5.96
ay; 77; 66.35; 2.62; 2.69
az; 78; 25.90; 5.36; 5.62
aA; 79; 29.19; 6.53; 6.11
aB; 80; 66.60; 3.53; 3.75
aC; 81; 5.99; 2.10; 2.65
aD; 82; 64.18; 6.53; 6.69
aE; 83; 67.38; 5.60; 5.55
aF; 84; 60.19; 8.4; 8.56
aG; 85; 32.88; 0.47; 0.68
aH; 86; 67.10; 2.40; 2.34
aI; 87; 4.93; 5.52; 5.89
aJ; 88; 60.1; 6.45; 6.78
aK; 89; 2.23; 7.47; 7.1
aL; 90; 6.46; 6.76; 6.70
aM; 91; 16.69; 2.39; 2.47
aN; 92; 38.6; 5.99; 5.23
aO; 93; 20.49; 3.83; 3.67
aP; 94; 25.58; 2.90; 2.52
aQ; 95; 16.66; 1.67; 1.32
aR; 96; 57.17; 0.85; 0.40
aS; 97; 8.29; 5.80; 5.12
aT; 98; 4.79; 6.52; 6.71
aU; 99; 35.38; 6.66; 6.59
aV; 100; 24.4; 8.72; 8.66
aW; 101; 7.38; 2.81; 2.39
aX; 102; 70.37; 0.2; 0.17
aY; 103; 48.99; 1.41; 1.4
aZ; 104; 1.78; 4.19; 4.43
ba; 105; 60.36; 7.55; 7.1
bb; 106; 55.51; 0.72; 0.72
bc; 107; 52.73; 4.1; 4.17
bd; 108; 32.26; 6.2; 6.73
be; 109; 44.12; 1.68; 1.51
bf; 110; 27.95; 5.49; 5.63
bg; 111; 34.40; 1.85; 1.35
bh; 112; 1.16; 8.0; 8.71
bi; 113; 33.70; 4.84; 4.91
bj; 114; 65.65; 6.29; 6.66
bk; 115; 28.16; 6.38; 6.39
bl; 116; 67.94; 5.22; 5.4
bm; 117; 44.15; 4.30; 4.5
bn; 118; 11.5; 3.20; 3.38
bo; 119; 8.71; 4.15; 4.9
bp; 120; 27.55; 3.66; 3.16
bq; 121; 4.71; 0.7; 0.85
br; 122; 18.62; 0.45; 0.22
bs; 123; 27.66; 3.9; 3.44
bt; 124; 51.37; 7.67; 7.92
bu; 125; 57.89; 1.94; 1.91
bv; 126; 41.97; 8.56; 8.42
bw; 127; 18.59; 4.44; 4.73
bx; 128; 24.17; 5.59; 5.12
by; 129; 64.58; 3.35; 3.46
bz; 130; 65.34; 6.49; 6.2
bA; 131; 30.2; 2.77; 2.97
bB; 132; 16.35; 8.56; 8.55
bC; 133; 1.9; 3.48; 3.68
bD; 134; 2.82; 5.36; 5.40
bE; 135; 22.43; 1.46; 1.39
bF; 136; 36.60; 5.86; 5.57
bG; 137; 20.45; 7.15; 7.20
bH; 138; 35.50; 5.4; 5.28
bI; 139; 14.75; 6.92; 6.9
bJ; 140; 46.86; 4.28; 4.9
bK; 141; 16.7; 2.94; 2.20
bL; 142; 27.2; 6.12; 6.62
bM; 143; 39.27; 4.56; 4.6
bN; 144; 47.30; 6.94; 6.39
bO; 145; 57.35; 2.98; 2.54
bP; 146; 71.71; 5.39; 5.11
bQ; 147; 40.93; 6.62; 6.71
bR; 148; 29.13; 0.64; 0.9
bS; 149; 55.29; 8.79; 8.68
bT; 150; 62.12; 3.15; 3.5
bU; 151; 6.65; 3.47; 3.42
bV; 152; 31.59; 6.19; 6.90
bW; 153; 35.83; 3.39; 3.50
bX; 154; 40.43; 8.65; 8.43
bY; 155; 33.40; 8.13; 8.9
bZ; 156; 60.68; 6.18; 6.37
ca; 157; 26.96; 4.59; 4.28
cb; 158; 4.98; 2.80; 2.12
cc; 159; 62.19; 3.61; 3.1
cd; 160; 47.99; 0.2; 0.93
ce; 161; 53.70; 8.90; 8.20
cf; 162; 31.93; 3.40; 3.64
cg; 163; 39.32; 0.95; 0.30
ch; 164; 13.11; 2.74; 2.36
ci; 165; 6.25; 6.13; 6.99
cj; 166; 12.31; 7.43; 7.5
ck; 167; 33.11; 0.63; 0.40
cl; 168; 15.69; 5.37; 5.59
cm; 169; 35.27; 6.2; 6.3
cn; 170; 1.6; 0.26; 0.91
co; 171; 38.13; 1.94; 1.85
cp; 172; 9.67; 3.63; 3.57
cq; 173; 31.45; 0.66; 0.45
cr; 174; 43.51; 7.47; 7.82
cs; 175; 20.64; 2.84; 2.59
ct; 176; 63.55; 5.22; 5.80
cu; 177; 65.76; 1.82; 1.43
cv; 178; 53.16; 4.10; 4.74
cw; 179; 60.30; 6.20; 6.4
cx; 180; 54.83; 5.13; 5.42
cy; 181; 69.22; 4.13; 4.57
cz; 182; 26.32; 7.85; 7.46
cA; 183; 49.36; 4.32; 4.51
cB; 184; 23.71; 0.61; 0.15
cC; 185; 41.78; 0.1; 0.91
cD; 186; 41.71; 4.54; 4.66
cE; 187; 26.73; 7.93; 7.10
cF; 188; 20.36; 4.51; 4.34
cG; 189; 24.22; 0.50; 0.66
cH; 190; 64.43; 8.5; 8.48
cI; 191; 46.6; 3.96; 3.60
cJ; 192; 11.79; 8.55; 8.76
cK; 193; 12.20; 1.81; 1.8
cL; 194; 22.21; 0.79; 0.29
cM; 195; 17.13; 4.69; 4.25
cN; 196; 44.40; 8.69; 8.76
cO; 197; 34.24; 2.96; 2.21
cP; 198; 17.75; 4.84; 4.75
cQ; 199; 31.72; 0.12; 0.11
cR; 200; 16.0; 7.13; 7.61
cS; 201; 12.6; 5.82; 5.31
cT; 202; 13.90; 6.61; 6.23
cU; 203; 10.18; 6.11; 6.24
cV; 204; 26.94; 6.35; 6.46
cW; 205; 6.21; 4.55; 4.59
cX; 206; 43.96; 8.58; 8.97
cY; 207; 59.79; 8.70; 8.79
cZ; 208; 18.36; 1.24; 1.16
da; 209; 34.2; 1.37; 1.21
db; 210; 23.52; 5.49; 5.24
dc; 211; 30.81; 5.9; 5.33
dd; 212; 58.89; 3.97; 3.26
de; 213; 7.82; 5.24; 5.20
df; 214; 54.29; 1.34; 1.2
dg; 215; 17.5; 6.77; 6.71
dh; 216; 23.75; 3.88; 3.69
di; 217; 58.93; 2.63; 2.12
dj; 218; 32.63; 4.23; 4.89
dk; 219; 59.32; 2.45; 2.35
dl; 220; 40.5; 7.65; 7.40
dm; 221; 59.83; 4.14; 4.12
dn; 222; 46.50; 7.2; 7.16
do; 223; 19.3; 0.61; 0.37
dp; 224; 44.85; 6.47; 6.11
dq; 225; 34.47; 1.84; 1.52
dr; 226; 40.48; 4.81; 4.92
ds; 227; 23.94; 3.16; 3.18
dt; 228; 36.37; 6.35; 6.45
du; 229; 14.38; 2.85; 2.89
dv; 230; 22.38; 0.26; 0.67
dw; 231; 5.69; 5.51; 5.41
dx; 232; 7.21; 7.4; 7.3
dy; 233; 18.12; 6.71; 6.55
dz; 234; 37.9; 8.12; 8.10
dA; 235; 12.70; 7.88; 7.80
dB; 236; 4.38; 7.2; 7.52
dC; 237; 18.51; 6.34; 6.22
dD; 238; 55.15; 1.19; 1.48
dE; 239; 48.88; 7.65; 7.89
dF; 240; 18.71; 1.82; 1.3
dG; 241; 13.8; 4.69; 4.27
dH; 242; 8.2; 8.55; 8.32
dI; 243; 26.96; 1.42; 1.59
dJ; 244; 35.56; 1.59; 1.95
dK; 245; 40.63; 6.13; 6.67
dL; 246; 41.38; 6.15; 6.70
dM; 247; 24.35; 5.77; 5.36
dN; 248; 42.24; 2.44; 2.56
dO; 249; 37.8; 2.54; 2.12
dP; 250; 2.43; 6.92; 6.53
dQ; 251; 63.38; 5.40; 5.45
dR; 252; 41.38; 0.30; 0.12
dS; 253; 2.22; 6.83; 6.82
dT; 254; 8.21; 6.48; 6.36
dU; 255; 60.32; 1.79; 1.54
dV; 256; 53.53; 2.69; 2.48
dW; 257; 8.8; 1.95; 1.92
dX; 258; 64.50; 3.93; 3.20
dY; 259; 54.60; 0.28; 0.20
dZ; 260; 39.71; 6.22; 6.3
ea; 261; 34.7; 3.62; 3.82
eb; 262; 28.92; 6.96; 6.34
ec; 263; 55.73; 5.97; 5.80
ed; 264; 20.62; 0.9; 0.46
ee; 265; 10.30; 0.24; 0.15
ef; 266; 64.96; 5.48; 5.71
eg; 267; 55.25; 6.2; 6.75
eh; 268; 40.85; 2.84; 2.35
ei; 269; 25.40; 7.75; 7.13
ej; 270; 64.47; 8.89; 8.3
ek; 271; 44.91; 3.74; 3.12
el; 272; 40.59; 6.76; 6.23
em; 273; 39.96; 4.47; 4.17
en; 274; 40.94; 4.54; 4.59
eo; 275; 45.4; 7.94; 7.60
ep; 276; 53.16; 8.73; 8.14
eq; 277; 20.77; 2.72; 2.6
er; 278; 66.39; 4.61; 4.32
es; 279; 61.12; 3.96; 3.94
et; 280; 18.83; 3.26; 3.92
eu; 281; 21.51; 2.31; 2.58
ev; 282; 45.16; 8.99; 8.67
ew; 283; 65.67; 7.69; 7.14
ex; 284; 13.46; 1.16; 1.93
ey; 285; 59.60; 4.64; 4.96
ez; 286; 63.97; 2.71; 2.24
eA; 287; 63.40; 1.94; 1.50
eB; 288; 14.84; 4.46; 4.18
eC; 289; 5.12; 8.94; 8.14
eD; 290; 47.59; 2.85; 2.50
eE; 291; 38.30; 1.97; 1.45
eF; 292; 40.25; 4.67; 4.52
eG; 293; 67.15; 5.20; 5.43
eH; 294; 38.60; 1.6; 1.66
eI; 295; 20.25; 3.37; 3.36
eJ; 296; 12.31; 0.71; 0.41
eK; 297; 8.39; 8.25; 8.11
eL; 298; 63.51; 6.32; 6.30
eM; 299; 31.33; 8.96; 8.80
eN; 300; 19.97; 8.41; 8.32
eO; 301; 14.28; 2.28; 2.54
eP; 302; 17.50; 7.13; 7.27
eQ; 303; 58.67; 0.28; 0.2
eR; 304; 28.51; 7.45; 7.54
eS; 305; 71.10; 8.86; 8.66
eT; 306; 61.8; 4.34; 4.11
eU; 307; 58.56; 0.86; 0.78
eV; 308; 13.90; 3.68; 3.62
eW; 309; 52.68; 6.12; 6.19
eX; 310; 65.6; 5.5; 5.77
eY; 311; 53.96; 7.19; 7.31
eZ; 312; 62.13; 4.67; 4.15
fa; 313; 68.76; 0.59; 0.10
fb; 314; 57.23; 1.45; 1.3
fc; 315; 49.52; 3.12; 3.95
fd; 316; 44.11; 8.45; 8.94
fe; 317; 9.5; 6.84; 6.35
ff; 318; 70.18; 3.89; 3.9
fg; 319; 35.29; 0.63; 0.95
fh; 320; 40.28; 6.61; 6.20
fi; 321; 2.7; 5.88; 5.15
fj; 322; 28.59; 8.16; 8.0
fk; 323; 32.99; 4.61; 4.17
fl; 324; 57.93; 5.41; 5.25
fm; 325; 9.6; 3.10; 3.26
fn; 326; 21.61; 2.67; 2.54
fo; 327; 47.77; 8.78; 8.87
fp; 328; 32.49; 2.49; 2.28
fq; 329; 14.93; 8.81; 8.78
fr; 330; 16.89; 1.20; 1.57
fs; 331; 55.74; 6.28; 6.53
ft; 332; 55.22; 6.54; 6.5
fu; 333; 33.68; 2.91; 2.83
fv; 334; 12.11; 0.36; 0.17
fw; 335; 59.55; 8.15; 8.98
fx; 336; 39.50; 4.60; 4.76
fy; 337; 62.38; 4.60; 4.44
fz; 338; 35.83; 5.31; 5.5
fA; 339; 2.33; 5.36; 5.54
fB; 340; 55.70; 1.10; 1.26
fC; 341; 31.87; 8.1; 8.34
fD; 342; 42.76; 4.94; 4.26
fE; 343; 54.45; 4.27; 4.49
fF; 344; 53.94; 0.35; 0.27
fG; 345; 42.44; 1.66; 1.16
fH; 346; 6.51; 1.19; 1.23
fI; 347; 32.54; 5.65; 5.34
fJ; 348; 66.72; 3.60; 3.70
fK; 349; 8.40; 1.63; 1.26
fL; 350; 38.27; 6.80; 6.25
fM; 351; 19.39; 3.53; 3.39
fN; 352; 50.77; 5.36; 5.77
fO; 353; 66.61; 0.92; 0.94
fP; 354; 28.16; 6.10; 6.8
fQ; 355; 9.57; 5.98; 5.84
fR; 356; 24.58; 7.63; 7.38
fS; 357; 57.58; 7.33; 7.65
fT; 358; 16.28; 3.21; 3.93
fU; 359; 1.20; 5.76; 5.89
fV; 360; 55.49; 2.93; 2.88
fW; 0; 70.98; 1.88; 1.50
fX; 1; 29.51; 6.17; 6.11
fY; 2; 30.88; 4.17; 4.29
fZ; 3; 2.52; 8.97; 8.8
ga; 4; 33.55; 3.5; 3.99
gb; 5; 50.5; 4.5; 4.70
gc; 6; 36.32; 5.52; 5.94
gd; 7; 44.91; 0.20; 0.5
ge; 8; 24.6; 7.73; 7.75
gf; 9; 65.80; 1.73; 1.94
gg; 10; 44.57; 7.67; 7.54
gh; 11; 14.43; 0.82; 0.71
gi; 12; 16.86; 8.95; 8.61
gj; 13; 1.48; 4.74; 4.51
gk; 14; 39.57; 7.5; 7.67
gl; 15; 60.6; 3.34; 3.38
gm; 16; 48.99; 7.71; 7.35
gn; 17; 57.76; 6.67; 6.45
go; 18; 31.1; 7.15; 7.35
gp; 19; 70.8; 4.44; 4.38
gq; 20; 33.32; 3.51; 3.37
gr; 21; 38.14; 1.74; 1.45
gs; 22; 65.19; 5.10; 5.78
gt; 23; 50.67; 1.50; 1.57
gu; 24; 10.82; 5.57; 5.92
gv; 25; 63.70; 0.7; 0.23
gw; 26; 54.81; 3.66; 3.45
gx; 27; 70.45; 0.43; 0.44
gy; 28; 6.29; 3.99; 3.48
gz; 29; 62.92; 2.53; 2.36
gA; 30; 55.46; 5.79; 5.9
gB; 31; 23.67; 0.9; 0.12
gC; 32; 24.0; 3.96; 3.48
gD; 33; 11.41; 3.52; 3.68
gE; 34; 45.46; 6.12; 6.22
gF; 35; 55.31; 0.74; 0.62
gG; 36; 31.54; 5.53; 5.83
gH; 37; 1.76; 2.44; 2.49
gI; 38; 50.48; 3.88; 3.16
gJ; 39; 39.78; 6.95; 6.95
gK; 40; 13.30; 1.66; 1.18
gL; 41; 33.80; 4.6; 4.30
gM; 42; 10.59; 8.10; 8.9
gN; 43; 29.25; 0.32; 0.48
gO; 44; 44.84; 2.65; 2.77
gP; 45; 4.83; 3.52; 3.87
gQ; 46; 29.49; 8.40; 8.40
gR; 47; 15.18; 4.98; 4.39
gS; 48; 41.8; 4.35; 4.94
gT; 49; 33.87; 3.73; 3.31
gU; 50; 47.50; 4.27; 4.9
gV; 51; 54.1; 3.12; 3.73
gW; 52; 26.84; 4.46; 4.2
gX; 53; 68.31; 7.12; 7.46
gY; 54; 52.44; 4.74; 4.65
gZ; 55; 17.94; 2.92; 2.30
ha; 56; 15.76; 1.11; 1.11
hb; 57; 56.84; 2.57; 2.0
hc; 58; 9.78; 6.3; 6.60
hd; 59; 33.84; 7.91; 7.27
he; 60; 14.91; 3.66; 3.35
hf; 61; 1.47; 4.70; 4.66
hg; 62; 71.98; 7.55; 7.34
hh; 63; 27.12; 6.14; 6.3
hi; 64; 2.76; 1.65; 1.42
hj; 65; 61.87; 5.11; 5.23
hk; 66; 46.73; 4.2; 4.43
hl; 67; 55.97; 6.99; 6.63
hm; 68; 7.82; 8.73; 8.0
hn; 69; 25.88; 8.65; 8.65
ho; 70; 3.40; 3.94; 3.61
hp; 71; 22.46; 5.88; 5.16
hq; 72; 40.61; 8.32; 8.91
hr; 73; 4.5; 6.25; 6.4
hs; 74; 48.18; 6.9; 6.85
ht; 75; 62.31; 4.71; 4.52
hu; 76; 59.67; 0.64; 0.36
hv; 77; 45.25; 8.41; 8.44
hw; 78; 57.42; 7.4; 7.82
hx; 79; 44.39; 5.35; 5.11
hy; 80; 25.84; 8.89; 8.83
hz; 81; 52.41; 0.62; 0.44
hA; 82; 42.11; 2.48; 2.17
hB; 83; 19.68; 7.2; 7.36
hC; 84; 71.72; 8.11; 8.59
hD; 85; 54.49; 3.53; 3.55
hE; 86; 51.65; 4.4; 4.37
hF; 87; 56.38; 2.18; 2.83
hG; 88; 16.24; 2.96; 2.73
hH; 89; 69.66; 1.22; 1.84
hI; 90; 29.93; 2.95; 2.47
hJ; 91; 21.83; 8.11; 8.0
hK; 92; 50.20; 3.57; 3.18
hL; 93; 37.34; 8.86; 8.56
hM; 94; 56.0; 3.87; 3.9
hN; 95; 9.61; 5.8; 5.4
hO; 96; 62.21; 5.18; 5.77
hP; 97; 31.63; 8.73; 8.45
hQ; 98; 38.74; 2.90; 2.67
hR; 99; 12.64; 7.13; 7.79
hS; 100; 28.93; 1.34; 1.44
hT; 101; 48.46; 4.16; 4.98
hU; 102; 54.0; 8.67; 8.71
hV; 103; 25.50; 7.12; 7.74
hW; 104; 2.68; 4.7; 4.87
hX; 105; 34.65; 8.82; 8.84
hY; 106; 19.53; 7.83; 7.21
hZ; 107; 18.28; 2.75; 2.47
ia; 108; 67.20; 3.63; 3.45
ib; 109; 67.77; 0.89; 0.7
ic; 110; 23.40; 4.34; 4.74
id; 111; 65.15; 6.40; 6.37
ie; 112; 58.49; 6.63; 6.33
if; 113; 56.31; 3.28; 3.46
ig; 114; 38.18; 4.47; 4.95
ih; 115; 56.35; 0.7; 0.0
ii; 116; 10.87; 1.51; 1.38
ij; 117; 39.95; 0.91; 0.22
ik; 118; 42.25; 7.82; 7.84
il; 119; 11.12; 0.53; 0.37
im; 120; 5.2; 7.19; 7.80
in; 121; 45.96; 5.41; 5.30
io; 122; 46.88; 0.65; 0.20
ip; 123; 29.80; 4.5; 4.83
iq; 124; 67.9; 6.41; 6.0
ir; 125; 67.96; 1.14; 1.19
is; 126; 58.28; 5.44; 5.31
it; 127; 25.98; 0.87; 0.22
iu; 128; 57.88; 3.24; 3.44
iv; 129; 11.69; 5.89; 5.41
iw; 130; 21.39; 5.53; 5.59
ix; 131; 57.94; 1.21; 1.53
iy; 132; 39.74; 4.35; 4.23
iz; 133; 33.23; 2.23; 2.73
iA; 134; 65.45; 4.2; 4.80
iB; 135; 5.67; 5.53; 5.58
iC; 136; 60.84; 2.40; 2.77
iD; 137; 63.73; 0.34; 0.1
iE; 138; 50.42; 8.21; 8.76
iF; 139; 30.55; 0.8; 0.52
iG; 140; 14.80; 1.84; 1.27
iH; 141; 67.19; 0.15; 0.46
iI; 142; 56.0; 0.78; 0.1
iJ; 143; 46.60; 0.56; 0.48
iK; 144; 6.94; 8.39; 8.57
iL; 145; 22.45; 2.7; 2.85
iM; 146; 33.82; 5.10; 5.42
iN; 147; 70.51; 1.89; 1.19
iO; 148; 25.51; 6.60; 6.24
iP; 149; 4.86; 1.87; 1.95
iQ; 150; 25.91; 8.11; 8.16
iR; 151; 46.29; 6.55; 6.34
iS; 152; 39.13; 7.30; 7.45
iT; 153; 67.72; 8.40; 8.49
iU; 154; 6.95; 4.41; 4.90
iV; 155; 41.57; 4.40; 4.17
iW; 156; 61.38; 1.24; 1.95
iX; 157; 27.76; 8.1; 8.48
iY; 158; 39.93; 3.72; 3.1
iZ; 159; 44.24; 5.78; 5.62
ja; 160; 32.16; 5.67; 5.71
jb; 161; 39.37; 1.36; 1.80
jc; 162; 5.15; 1.72; 1.73
jd; 163; 59.4; 5.71; 5.81
je; 164; 45.7; 6.28; 6.27
jf; 165; 23.62; 6.88; 6.53
jg; 166; 2.77; 3.28; 3.61
jh; 167; 24.66; 8.25; 8.40
ji; 168; 47.36; 8.36; 8.22
jj; 169; 21.17; 6.83; 6.16
jk; 170; 35.50; 4.90; 4.34
jl; 171; 29.46; 5.76; 5.43
jm; 172; 66.50; 2.28; 2.55
jn; 173; 16.98; 5.18; 5.93
jo; 174; 11.42; 6.26; 6.94
jp; 175; 35.37; 3.82; 3.1
jq; 176; 40.70; 3.51; 3.88
jr; 177; 50.1; 0.33; 0.88
js; 178; 48.90; 5.88; 5.37
jt; 179; 2.48; 2.39; 2.16
ju; 180; 71.3; 3.23; 3.76
jv; 181; 30.45; 7.56; 7.43
jw; 182; 30.27; 1.45; 1.6
jx; 183; 44.74; 1.75; 1.43
jy; 184; 1.94; 8.69; 8.48
jz; 185; 33.44; 5.6; 5.47
jA; 186; 0.49; 0.16; 0.34
jB; 187; 49.17; 6.57; 6.4
jC; 188; 68.28; 3.10; 3.36
jD; 189; 68.31; 4.4; 4.36
jE; 190; 55.29; 2.99; 2.56
jF; 191; 45.91; 3.49; 3.77
jG; 192; 39.28; 6.29; 6.73
jH; 193; 2.31; 1.75; 1.37
jI; 194; 54.76; 3.54; 3.18
jJ; 195; 8.24; 0.60; 0.3
jK; 196; 25.86; 4.37; 4.82
jL; 197; 20.20; 4.24; 4.54
jM; 198; 51.20; 4.7; 4.2
jN; 199; 46.93; 3.79; 3.4
jO; 200; 63.66; 4.3; 4.94
jP; 201; 30.79; 2.30; 2.93
jQ; 202; 43.95; 1.71; 1.13
jR; 203; 11.38; 1.97; 1.23
jS; 204; 36.97; 3.75; 3.40
jT; 205; 36.67; 6.4; 6.78
jU; 206; 31.4; 0.97; 0.40
jV; 207; 4.71; 3.83; 3.11
jW; 208; 67.79; 7.49; 7.56
jX; 209; 31.0; 7.47; 7.42
jY; 210; 0.38; 6.69; 6.5
jZ; 211; 61.99; 0.39; 0.28
ka; 212; 32.23; 7.23; 7.19
kb; 213; 49.31; 0.2; 0.39
kc; 214; 38.74; 2.51; 2.79
kd; 215; 47.40; 3.63; 3.98
ke; 216; 56.65; 7.16; 7.63
kf; 217; 1.34; 8.88; 8.53
kg; 218; 7.59; 4.1; 4.30
kh; 219; 70.62; 7.30; 7.31
ki; 220; 55.35; 0.53; 0.66
kj; 221; 17.14; 2.61; 2.31
kk; 222; 3.24; 2.40; 2.86
kl; 223; 19.64; 0.26; 0.48
km; 224; 34.43; 0.31; 0.98
kn; 225; 25.52; 3.87; 3.0
ko; 226; 11.22; 5.12; 5.63
kp; 227; 10.30; 2.54; 2.9
kq; 228; 30.29; 7.87; 7.81
kr; 229; 63.3; 7.7; 7.12
ks; 230; 57.52; 3.33; 3.44
kt; 231; 38.62; 7.81; 7.44
ku; 232; 0.71; 5.45; 5.57
kv; 233; 42.69; 2.6; 2.14
kw; 234; 12.77; 6.76; 6.28
kx; 235; 32.67; 4.87; 4.22
ky; 236; 19.30; 8.32; 8.69
kz; 237; 31.73; 8.11; 8.20
kA; 238; 6.57; 1.4; 1.45
kB; 239; 30.10; 7.25; 7.87
kC; 240; 40.15; 4.47; 4.2
kD; 241; 56.45; 4.42; 4.97
kE; 242; 8.49; 0.98; 0.9
kF; 243; 64.94; 6.94; 6.87
kG; 244; 50.5; 0.23; 0.22
kH; 245; 64.67; 1.21; 1.18
kI; 246; 13.19; 5.81; 5.49
kJ; 247; 63.54; 0.37; 0.20
kK; 248; 62.5; 2.71; 2.2
kL; 249; 46.43; 8.30; 8.40
kM; 250; 67.14; 7.70; 7.11
kN; 251; 17.94; 6.33; 6.6
kO; 252; 21.80; 2.30; 2.65
kP; 253; 30.50; 4.21; 4.92
kQ; 254; 64.65; 6.30; 6.92
kR; 255; 3.75; 0.92; 0.40
kS; 256; 39.55; 3.58; 3.81
kT; 257; 5.99; 1.85; 1.42
kU; 258; 5.14; 8.74; 8.66
kV; 259; 3.50; 8.77; 8.20
kW; 260; 11.68; 1.25; 1.22
kX; 261; 23.22; 1.96; 1.76
kY; 262; 64.3; 4.91; 4.7
kZ; 263; 31.39; 7.91; 7.52
la; 264; 42.88; 8.66; 8.42
lb; 265; 47.71; 6.68; 6.56
lc; 266; 42.91; 5.39; 5.14
ld; 267; 0.57; 8.62; 8.97
le; 268; 15.93; 4.30; 4.67
lf; 269; 67.15; 1.22; 1.88
lg; 270; 15.57; 3.28; 3.41
lh; 271; 13.61; 1.66; 1.4
li; 272; 17.56; 8.90; 8.82
lj; 273; 57.76; 3.32; 3.32
lk; 274; 51.41; 2.76; 2.32
ll; 275; 43.13; 4.83; 4.62
lm; 276; 45.84; 0.57; 0.43
ln; 277; 13.53; 1.45; 1.79
lo; 278; 57.78; 1.18; 1.63
lp; 279; 7.11; 2.36; 2.7
lq; 280; 23.26; 4.50; 4.37
lr; 281; 42.6; 4.53; 4.14
ls; 282; 35.67; 3.84; 3.53
lt; 283; 44.14; 6.60; 6.95
lu; 284; 56.62; 3.25; 3.0
lv; 285; 40.45; 4.55; 4.27
lw; 286; 21.70; 7.10; 7.52
lx; 287; 47.3; 6.5; 6.83
ly; 288; 49.86; 1.94; 1.83
lz; 289; 31.32; 1.50; 1.92
lA; 290; 43.63; 4.58; 4.50
lB; 291; 12.66; 8.16; 8.4
lC; 292; 59.99; 8.59; 8.6
lD; 293; 55.9; 3.56; 3.18
lE; 294; 26.2; 1.65; 1.1
lF; 295; 4.22; 6.21; 6.75
lG; 296; 67.48; 7.10; 7.95
lH; 297; 47.32; 2.43; 2.19
lI; 298; 12.41; 8.3; 8.42
lJ; 299; 34.17; 3.70; 3.7
lK; 300; 28.53; 8.58; 8.36
lL; 301; 70.37; 6.24; 6.40
lM; 302; 35.29; 8.67; 8.32
lN; 303; 52.36; 7.36; 7.26
lO; 304; 6.99; 1.96; 1.32
lP; 305; 22.0; 0.65; 0.26
lQ; 306; 2.21; 2.44; 2.19
lR; 307; 15.89; 8.27; 8.10
lS; 308; 9.75; 1.15; 1.69
lT; 309; 33.8; 5.35; 5.85
lU; 310; 61.21; 3.36; 3.61
lV; 311; 16.15; 6.41; 6.38
lW; 312; 65.6; 4.6; 4.65
lX; 313; 5.19; 6.80; 6.99
lY; 314; 20.69; 4.89; 4.69
lZ; 315; 46.33; 3.56; 3.99
ma; 316; 18.51; 8.30; 8.63
mb; 317; 41.72; 6.39; 6.79
mc; 318; 11.64; 8.28; 8.1
md; 319; 58.69; 8.69; 8.98
me; 320; 9.41; 8.28; 8.58
mf; 321; 56.51; 8.38; 8.27
mg; 322; 44.89; 0.56; 0.93
mh; 323; 48.31; 4.61; 4.67
mi; 324; 68.27; 2.89; 2.74
mj; 325; 22.2; 5.84; 5.58
mk; 326; 68.53; 6.89; 6.52
ml; 327; 33.31; 2.60; 2.6
mm; 328; 33.6; 3.78; 3.61
mn; 329; 51.19; 1.73; 1.69
mo; 330; 11.55; 7.22; 7.16
mp; 331; 16.82; 4.30; 4.32
mq; 332; 10.61; 2.5; 2.50
mr; 333; 26.97; 2.39; 2.42
ms; 334; 22.75; 2.70; 2.71
mt; 335; 41.11; 7.44; 7.19
mu; 336; 28.38; 3.47; 3.37
mv; 337; 34.46; 6.45; 6.97
mw; 338; 33.20; 6.30; 6.68
mx; 339; 40.38; 6.96; 6.0
my; 340; 17.97; 3.16; 3.38
mz; 341; 58.86; 8.72; 8.8
mA; 342; 22.66; 2.66; 2.80
mB; 343; 5.46; 3.16; 3.59
mC; 344; 44.41; 1.78; 1.4
mD; 345; 3.88; 3.83; 3.60
mE; 346; 15.13; 6.56; 6.98
mF; 347; 21.8; 5.21; 5.11
mG; 348; 5.67; 1.72; 1.20
mH; 349; 45.43; 7.46; 7.72
mI; 350; 42.89; 0.32; 0.42
mJ; 351; 63.41; 1.66; 1.95
mK; 352; 15.28; 8.76; 8.88
mL; 353; 23.44; 0.84; 0.55
mM; 354; 28.8; 8.42; 8.93
mN; 355; 39.77; 7.50; 7.18
mO; 356; 1.25; 1.17; 1.62
mP; 357; 3.87; 4.84; 4.79
mQ; 358; 9.67; 4.82; 4.43
mR; 359; 2.70; 3.61; 3.24
mS; 360; 33.96; 8.3; 8.22
mT; 0; 13.35; 2.30; 2.2
361, 1, 31, 23, 28, 128
0, 1, 356, 105, 132, 63
0, 8, 52, 216, 325, 71
361, 16, 126, 215, 294, 100
0, 25, 121, 73, 293, 74
0, 4, 222, 100, 187, 124
361, 5, 54, 90, 257, 246
361, 19, 276, 192, 338, 205
361, 17, 139, 358, 178, 221
361, 5, 27, 196, 101, 248
0, 26, 323, 191, 190, 255
0, 19, 345, 12, 53, 196
361, 10, 70, 148, 350, 277
361, 1, 130, 355, 41, 64
0, 10, 65, 31, 89, 80
0, 17, 358, 93, 13, 285
361, 18, 45, 14, 179, 218
361, 20, 254, 322, 187, 134
0, 16, 54, 21, 186, 359
0, 8, 166, 167, 61, 71
0, 20, 191, 297, 110, 187
361, 17, 221, 193, 84, 259
0, 21, 279, 103, 88, 16
361, 13, 300, 203, 122, 107
361, 12, 42, 210, 60, 207
361, 3, 292, 141, 144, 246
361, 17, 59, 194, 52, 202
0, 7, 159, 325, 342, 90
361, 25, 299, 51, 128, 93
0, 2, 284, 354, 199, 92
361, 22, 324, 290, 54, 300
0, 22, 289, 45, 340, 170
0, 16, 211, 201, 351, 84
0, 19, 328, 44, 304, 54
361, 15, 269, 212, 146, 285
361, 5, 2, 300, 77, 0
0, 13, 181, 352, 119, 138
0, 19, 166, 220, 170, 269
361, 8, 74, 139, 5, 101
0, 24, 276, 29, 14, 125
0, 8, 327, 295, 258, 168
0, 11, 15, 300, 195, 90
0, 11, 277, 131, 77, 147
0, 9, 210, 148, 24, 191
361, 22, 136, 32, 248, 38
361, 12, 89, 195, 8, 309
361, 5, 260, 121, 318, 153
361, 18, 134, 13, 184, 93
0, 18, 104, 73, 59, 201
361, 23, 281, 202, 166, 344
361, 9, 80, 273, 243, 53
